6,1,750,166,21.118,48.313,0.0,1,1.0,-1.0,-1.0,-1.0
6,2,772,168,18.019,46.193,0.0,1,1.0,-1.0,-1.0,-1.0
7,1,756,165,18.333,49.873,0.0,1,1.0,-1.0,-1.0,-1.0
7,2,775,168,11.333,47.715,0.0,1,1.0,-1.0,-1.0,-1.0
8,1,758,164,19.181,51.537,0.0,1,1.0,-1.0,-1.0,-1.0
8,2,780,167,14.102,49.342,0.0,1,1.0,-1.0,-1.0,-1.0
9,1,761,164,19.333,53.316,0.0,1,1.0,-1.0,-1.0,-1.0
9,2,786,166,16.333,51.082,0.0,1,1.0,-1.0,-1.0,-1.0
10,1,765,163,20.063,55.222,0.0,1,1.0,-1.0,-1.0,-1.0
10,2,790,165,18.408,52.95,0.0,1,1.0,-1.0,-1.0,-1.0
11,1,769,162,20.0,57.27,0.0,1,1.0,-1.0,-1.0,-1.0
11,2,794,164,19.667,54.959,0.0,1,1.0,-1.0,-1.0,-1.0
12,1,773,160,23.128,59.487,1.0,1,1.0,-1.0,-1.0,-1.0
12,2,801,163,20.302,57.116,0.0,1,1.0,-1.0,-1.0,-1.0
13,1,779,160,25.333,61.888,1.0,1,1.0,-1.0,-1.0,-1.0
13,2,808,163,20.0,59.449,1.0,1,1.0,-1.0,-1.0,-1.0
13,4,201,165,18.0,57.389,0.0,1,1.0,-1.0,-1.0,-1.0
14,1,786,161,27.325,64.492,1.0,1,1.0,-1.0,-1.0,-1.0
14,2,817,163,21.524,61.983,1.0,1,1.0,-1.0,-1.0,-1.0
14,4,187,167,20.4,58.974,0.0,1,1.0,-1.0,-1.0,-1.0
15,1,793,162,28.0,67.324,1.0,1,1.0,-1.0,-1.0,-1.0
15,4,172,168,22.333,60.648,1.0,1,1.0,-1.0,-1.0,-1.0
15,2,826,165,22.0,64.744,1.0,1,1.0,-1.0,-1.0,-1.0
16,4,156,170,23.22,62.42,1.0,1,1.0,-1.0,-1.0,-1.0
16,1,801,164,31.673,70.441,1.0,1,1.0,-1.0,-1.0,-1.0
16,2,836,166,25.478,67.762,1.0,1,1.0,-1.0,-1.0,-1.0
17,4,141,171,23.5,64.631,1.0,1,1.0,-1.0,-1.0,-1.0
17,1,809,165,33.667,73.861,1.0,1,1.0,-1.0,-1.0,-1.0
17,2,848,168,27.667,71.044,1.0,1,1.0,-1.0,-1.0,-1.0
18,4,124,167,25.64,66.939,1.0,1,1.0,-1.0,-1.0,-1.0
18,1,824,165,33.294,77.624,1.0,1,1.0,-1.0,-1.0,-1.0
18,2,863,169,27.582,74.658,1.0,1,1.0,-1.0,-1.0,-1.0
19,4,103,166,27.0,67.926,1.0,1,1.0,-1.0,-1.0,-1.0
19,1,839,164,30.667,81.792,1.0,1,1.0,-1.0,-1.0,-1.0
19,2,878,167,25.667,78.662,1.0,1,1.0,-1.0,-1.0,-1.0
20,4,84,164,27.856,70.553,1.0,1,1.0,-1.0,-1.0,-1.0
20,1,851,161,35.811,86.431,1.0,1,1.0,-1.0,-1.0,-1.0
20,2,897,164,28.439,83.1,1.0,1,1.0,-1.0,-1.0,-1.0
21,4,62,162,27.667,73.391,1.0,1,1.0,-1.0,-1.0,-1.0
21,2,917,160,29.333,88.068,1.0,1,1.0,-1.0,-1.0,-1.0
21,1,864,157,38.667,91.628,1.0,1,1.0,-1.0,-1.0,-1.0
22,4,37,159,30.663,76.468,1.0,1,1.0,-1.0,-1.0,-1.0
22,1,882,153,40.657,97.49,1.0,1,1.0,-1.0,-1.0,-1.0
22,2,937,156,34.392,93.681,1.0,1,1.0,-1.0,-1.0,-1.0
23,4,8,164,32.5,77.615,1.0,1,1.0,-1.0,-1.0,-1.0
23,1,903,153,39.333,104.17,1.0,1,1.0,-1.0,-1.0,-1.0
23,2,959,158,37.0,100.32,1.0,1,1.0,-1.0,-1.0,-1.0
24,1,917,156,50.079,111.84,1.0,1,1.0,-1.0,-1.0,-1.0
24,2,980,161,39.583,107.98,1.0,1,1.0,-1.0,-1.0,-1.0
25,1,935,157,57.0,120.8,1.0,1,1.0,-1.0,-1.0,-1.0
25,2,1003,163,38.333,116.89,1.0,1,1.0,-1.0,-1.0,-1.0
26,2,1039,161,46.201,127.39,1.0,1,1.0,-1.0,-1.0,-1.0
26,1,962,158,69.303,131.34,1.0,1,1.0,-1.0,-1.0,-1.0
27,1,990,153,74.667,143.2,1.0,1,1.0,-1.0,-1.0,-1.0
27,2,1080,157,49.333,139.97,1.0,1,1.0,-1.0,-1.0,-1.0
28,3,429,178,17.809,42.99,0.0,1,1.0,-1.0,-1.0,-1.0
28,1,1039,147,82.621,159.01,1.0,1,0.9177843449268773,-1.0,-1.0,-1.0
28,2,1115,151,89.584,155.66,1.0,1,1.0,-1.0,-1.0,-1.0
29,3,427,177,13.0,44.331,0.0,1,1.0,-1.0,-1.0,-1.0
29,1,1092,137,78.667,178.63,1.0,1,1.0,-1.0,-1.0,-1.0
29,2,1174,145,67.029,174.96,1.0,1,1.0,-1.0,-1.0,-1.0
30,3,421,178,14.73,45.679,0.0,1,1.0,-1.0,-1.0,-1.0
30,1,1132,140,109.38,203.57,1.0,1,1.0,-1.0,-1.0,-1.0
31,3,415,179,16.0,47.097,0.0,1,1.0,-1.0,-1.0,-1.0
31,1,1206,146,35.283,215.86,1.0,1,1.0,-1.0,-1.0,-1.0
32,5,346,174,23.553,45.722,0.0,1,1.0,-1.0,-1.0,-1.0
32,3,408,181,17.637,48.629,0.0,1,1.0,-1.0,-1.0,-1.0
33,5,336,171,19.0,47.078,0.0,1,1.0,-1.0,-1.0,-1.0
33,3,401,179,18.667,50.239,0.0,1,1.0,-1.0,-1.0,-1.0
34,5,325,168,20.882,48.517,0.0,1,1.0,-1.0,-1.0,-1.0
34,3,395,175,17.719,51.989,0.0,1,1.0,-1.0,-1.0,-1.0
35,5,314,165,22.0,50.048,0.0,1,1.0,-1.0,-1.0,-1.0
35,3,389,173,16.0,53.843,0.0,1,1.0,-1.0,-1.0,-1.0
36,5,303,167,23.11,51.606,0.0,1,1.0,-1.0,-1.0,-1.0
36,3,380,173,18.187,55.827,0.0,1,1.0,-1.0,-1.0,-1.0
37,5,292,168,23.333,53.264,0.0,1,1.0,-1.0,-1.0,-1.0
37,3,371,175,19.667,57.909,0.0,1,1.0,-1.0,-1.0,-1.0
38,5,281,169,20.684,55.114,0.0,1,1.0,-1.0,-1.0,-1.0
38,3,362,176,20.961,60.153,1.0,1,1.0,-1.0,-1.0,-1.0
39,5,269,170,17.0,57.098,0.0,1,1.0,-1.0,-1.0,-1.0
39,3,352,178,21.333,62.578,1.0,1,1.0,-1.0,-1.0,-1.0
40,5,252,169,23.411,59.228,1.0,1,1.0,-1.0,-1.0,-1.0
40,3,340,177,23.896,65.238,1.0,1,1.0,-1.0,-1.0,-1.0
41,5,233,167,29.0,61.524,1.0,1,1.0,-1.0,-1.0,-1.0
41,3,328,176,25.333,68.135,1.0,1,1.0,-1.0,-1.0,-1.0
42,6,450,165,22.385,51.334,0.0,1,1.0,-1.0,-1.0,-1.0
42,5,216,168,29.247,63.925,1.0,1,1.0,-1.0,-1.0,-1.0
42,3,313,176,28.239,71.3,1.0,1,1.0,-1.0,-1.0,-1.0
43,6,449,165,16.0,52.793,0.0,1,1.0,-1.0,-1.0,-1.0
43,5,198,168,28.0,66.521,1.0,1,1.0,-1.0,-1.0,-1.0
43,3,297,177,29.667,74.766,1.0,1,1.0,-1.0,-1.0,-1.0
44,6,443,165,17.466,54.336,0.0,1,1.0,-1.0,-1.0,-1.0
44,5,179,169,28.634,69.337,1.0,1,1.0,-1.0,-1.0,-1.0
44,3,282,179,31.132,78.585,1.0,1,1.0,-1.0,-1.0,-1.0
45,6,437,166,18.333,55.972,0.0,1,1.0,-1.0,-1.0,-1.0
45,5,158,169,27.667,72.403,1.0,1,1.0,-1.0,-1.0,-1.0
45,3,265,179,30.667,82.79,1.0,1,1.0,-1.0,-1.0,-1.0
46,6,433,166,17.526,57.709,0.0,1,1.0,-1.0,-1.0,-1.0
46,5,131,170,37.386,75.753,1.0,1,1.0,-1.0,-1.0,-1.0
46,3,246,180,33.457,87.477,1.0,1,1.0,-1.0,-1.0,-1.0
47,6,427,166,16.0,59.557,1.0,1,1.0,-1.0,-1.0,-1.0
47,5,101,170,45.333,79.384,1.0,1,1.0,-1.0,-1.0,-1.0
47,3,223,180,34.0,92.784,1.0,1,1.0,-1.0,-1.0,-1.0
48,6,417,166,19.305,61.51,1.0,1,1.0,-1.0,-1.0,-1.0
48,5,71,170,46.148,83.38,1.0,1,1.0,-1.0,-1.0,-1.0
48,3,199,180,36.952,98.785,1.0,1,1.0,-1.0,-1.0,-1.0
49,6,406,166,22.0,63.595,1.0,1,1.0,-1.0,-1.0,-1.0
49,5,39,169,43.667,87.87,1.0,1,1.0,-1.0,-1.0,-1.0
49,3,170,179,37.0,105.62,1.0,1,1.0,-1.0,-1.0,-1.0
50,6,400,165,21.286,65.826,1.0,1,1.0,-1.0,-1.0,-1.0
50,5,1,167,61.114,92.871,1.0,1,1.0,-1.0,-1.0,-1.0
50,3,135,180,44.281,113.11,1.0,1,1.0,-1.0,-1.0,-1.0
51,6,394,165,19.667,68.221,1.0,1,1.0,-1.0,-1.0,-1.0
51,3,95,181,48.0,121.79,1.0,1,1.0,-1.0,-1.0,-1.0
52,6,383,166,22.604,70.797,1.0,1,1.0,-1.0,-1.0,-1.0
52,3,55,181,52.425,131.92,1.0,1,1.0,-1.0,-1.0,-1.0
53,6,371,165,24.667,73.56,1.0,1,1.0,-1.0,-1.0,-1.0
53,3,10,182,51.333,143.83,1.0,1,1.0,-1.0,-1.0,-1.0
54,6,362,165,25.06,76.547,1.0,1,1.0,-1.0,-1.0,-1.0
55,6,351,165,24.333,79.787,1.0,1,1.0,-1.0,-1.0,-1.0
56,6,337,165,26.782,83.314,1.0,1,1.0,-1.0,-1.0,-1.0
57,6,322,165,28.0,87.167,1.0,1,1.0,-1.0,-1.0,-1.0
58,6,307,165,31.158,91.374,1.0,1,1.0,-1.0,-1.0,-1.0
59,6,288,164,32.667,96.223,1.0,1,1.0,-1.0,-1.0,-1.0
60,7,727,164,20.988,59.079,1.0,1,1.0,-1.0,-1.0,-1.0
60,6,268,164,37.306,101.61,1.0,1,1.0,-1.0,-1.0,-1.0
61,7,732,164,16.667,60.965,1.0,1,1.0,-1.0,-1.0,-1.0
61,6,244,163,39.667,107.65,1.0,1,1.0,-1.0,-1.0,-1.0
62,7,737,163,15.627,62.976,1.0,1,1.0,-1.0,-1.0,-1.0
62,6,219,162,43.251,114.44,1.0,1,1.0,-1.0,-1.0,-1.0
63,7,742,163,14.0,65.124,1.0,1,1.0,-1.0,-1.0,-1.0
63,6,190,161,43.667,121.79,1.0,1,1.0,-1.0,-1.0,-1.0
64,7,740,162,17.099,67.423,1.0,1,1.0,-1.0,-1.0,-1.0
64,6,160,160,49.286,130.16,1.0,1,1.0,-1.0,-1.0,-1.0
65,7,737,162,19.667,69.891,1.0,1,1.0,-1.0,-1.0,-1.0
65,6,125,157,51.0,139.74,1.0,1,1.0,-1.0,-1.0,-1.0
66,7,740,160,20.566,72.534,1.0,1,1.0,-1.0,-1.0,-1.0
66,9,889,164,37.342,77.598,1.0,1,1.0,-1.0,-1.0,-1.0
66,6,85,153,62.003,150.84,1.0,1,1.0,-1.0,-1.0,-1.0
67,7,742,158,20.667,75.385,1.0,1,1.0,-1.0,-1.0,-1.0
67,9,908,163,26.333,81.048,1.0,1,1.0,-1.0,-1.0,-1.0
67,6,35,149,67.667,163.87,1.0,1,1.0,-1.0,-1.0,-1.0
68,11,318,165,33.197,67.487,1.0,1,1.0,-1.0,-1.0,-1.0
68,7,744,156,21.457,78.469,1.0,1,1.0,-1.0,-1.0,-1.0
68,9,919,161,29.168,84.759,1.0,1,1.0,-1.0,-1.0,-1.0
68,6,0,149,68.326,178.3,1.0,1,1.0,-1.0,-1.0,-1.0
69,11,314,167,25.0,69.563,1.0,1,1.0,-1.0,-1.0,-1.0
69,7,748,157,21.333,81.907,1.0,1,1.0,-1.0,-1.0,-1.0
69,9,931,163,30.667,88.979,1.0,1,1.0,-1.0,-1.0,-1.0
69,8,1108,150,50.667,131.66,1.0,1,1.0,-1.0,-1.0,-1.0
70,12,372,167,30.769,70.902,1.0,1,1.0,-1.0,-1.0,-1.0
70,11,300,168,29.121,71.771,1.0,1,1.0,-1.0,-1.0,-1.0
70,7,751,159,24.87,85.592,1.0,1,1.0,-1.0,-1.0,-1.0
70,10,916,165,28.492,83.008,1.0,1,0.9285714285714286,-1.0,-1.0,-1.0
70,9,942,164,33.91,93.638,1.0,1,1.0,-1.0,-1.0,-1.0
70,8,1140,150,56.814,141.2,1.0,1,1.0,-1.0,-1.0,-1.0
71,12,365,168,24.0,73.793,1.0,1,1.0,-1.0,-1.0,-1.0
71,11,285,170,32.0,74.124,1.0,1,1.0,-1.0,-1.0,-1.0
71,7,753,161,27.333,89.625,1.0,1,1.0,-1.0,-1.0,-1.0
71,10,930,166,29.0,87.091,1.0,1,0.8275862068965517,-1.0,-1.0,-1.0
71,9,954,163,35.333,98.578,1.0,1,1.0,-1.0,-1.0,-1.0
71,8,1173,152,58.333,151.59,1.0,1,1.0,-1.0,-1.0,-1.0
72,12,354,168,24.343,76.926,1.0,1,1.0,-1.0,-1.0,-1.0
72,11,273,172,31.355,76.637,1.0,1,1.0,-1.0,-1.0,-1.0
72,7,758,159,27.556,93.819,1.0,1,1.0,-1.0,-1.0,-1.0
72,10,944,165,33.032,91.609,1.0,1,0.7878787878787878,-1.0,-1.0,-1.0
72,9,970,162,39.136,104.07,1.0,1,1.0,-1.0,-1.0,-1.0
72,8,1216,149,25.23,158.85,1.0,1,1.0,-1.0,-1.0,-1.0
73,12,340,168,23.333,80.335,1.0,1,1.0,-1.0,-1.0,-1.0
73,11,259,171,29.0,79.319,1.0,1,1.0,-1.0,-1.0,-1.0
73,7,764,158,26.333,98.425,1.0,1,1.0,-1.0,-1.0,-1.0
73,10,960,164,34.667,96.642,1.0,1,0.8,-1.0,-1.0,-1.0
73,9,988,161,40.667,110.2,1.0,1,1.0,-1.0,-1.0,-1.0
74,12,324,167,25.752,84.064,1.0,1,1.0,-1.0,-1.0,-1.0
74,11,245,170,31.166,82.196,1.0,1,1.0,-1.0,-1.0,-1.0
74,7,769,156,29.775,103.51,1.0,1,1.0,-1.0,-1.0,-1.0
74,10,976,163,36.228,102.26,1.0,1,0.9444444444444444,-1.0,-1.0,-1.0
74,9,1010,160,44.191,117.1,1.0,1,1.0,-1.0,-1.0,-1.0
75,12,308,167,26.667,88.15,1.0,1,1.0,-1.0,-1.0,-1.0
75,11,230,170,31.667,85.559,1.0,1,1.0,-1.0,-1.0,-1.0
75,7,773,154,31.667,109.27,1.0,1,1.0,-1.0,-1.0,-1.0
75,10,995,163,34.667,108.78,1.0,1,1.0,-1.0,-1.0,-1.0
75,9,1034,158,44.667,124.92,1.0,1,1.0,-1.0,-1.0,-1.0
76,11,214,169,33.234,89.234,1.0,1,1.0,-1.0,-1.0,-1.0
76,12,291,166,32.432,92.654,1.0,1,1.0,-1.0,-1.0,-1.0
76,7,782,153,35.578,115.71,1.0,1,1.0,-1.0,-1.0,-1.0
76,10,1023,162,37.884,116.19,1.0,1,0.8157894736842105,-1.0,-1.0,-1.0
76,9,1054,159,49.213,134.09,1.0,1,1.0,-1.0,-1.0,-1.0
77,11,195,169,32.667,93.184,1.0,1,1.0,-1.0,-1.0,-1.0
77,12,272,164,36.333,97.643,1.0,1,1.0,-1.0,-1.0,-1.0
77,7,791,152,37.333,122.9,1.0,1,1.0,-1.0,-1.0,-1.0
77,10,1054,162,37.333,124.68,1.0,1,0.5945945945945946,-1.0,-1.0,-1.0
77,9,1076,160,49.667,144.69,1.0,1,1.0,-1.0,-1.0,-1.0
78,14,804,154,49.838,107.62,1.0,1,0.26,-1.0,-1.0,-1.0
78,11,176,168,35.997,97.404,1.0,1,1.0,-1.0,-1.0,-1.0
78,12,252,163,38.438,102.84,1.0,1,1.0,-1.0,-1.0,-1.0
78,7,801,150,39.523,131.04,1.0,1,1.0,-1.0,-1.0,-1.0
78,10,1094,161,43.569,134.51,1.0,1,1.0,-1.0,-1.0,-1.0
79,14,814,154,39.667,114.5,1.0,1,0.1,-1.0,-1.0,-1.0
79,11,153,170,37.0,102.14,1.0,1,1.0,-1.0,-1.0,-1.0
79,12,228,166,37.667,108.64,1.0,1,1.0,-1.0,-1.0,-1.0
79,7,812,149,38.333,140.34,1.0,1,1.0,-1.0,-1.0,-1.0
79,10,1138,160,45.333,146.02,1.0,1,1.0,-1.0,-1.0,-1.0
80,14,832,153,43.242,122.33,1.0,1,0.13953488372093023,-1.0,-1.0,-1.0
80,11,129,171,46.423,107.12,1.0,1,1.0,-1.0,-1.0,-1.0
80,12,207,167,41.315,115.12,1.0,1,1.0,-1.0,-1.0,-1.0
80,7,824,148,45.452,151.05,1.0,1,1.0,-1.0,-1.0,-1.0
80,10,1157,160,76.609,159.23,1.0,1,1.0,-1.0,-1.0,-1.0
81,14,850,153,43.0,131.31,1.0,1,0.18604651162790697,-1.0,-1.0,-1.0
81,11,101,172,53.0,112.61,1.0,1,1.0,-1.0,-1.0,-1.0
81,12,181,166,41.667,122.41,1.0,1,1.0,-1.0,-1.0,-1.0
81,7,836,146,48.667,163.54,1.0,1,1.0,-1.0,-1.0,-1.0
81,10,1200,160,41.136,171.95,1.0,1,1.0,-1.0,-1.0,-1.0
82,11,73,173,55.451,118.69,1.0,1,1.0,-1.0,-1.0,-1.0
82,12,151,163,50.719,130.69,1.0,1,1.0,-1.0,-1.0,-1.0
82,14,867,153,55.565,141.17,1.0,1,0.21428571428571427,-1.0,-1.0,-1.0
82,7,853,144,58.202,178.27,1.0,1,1.0,-1.0,-1.0,-1.0
83,13,209,172,24.0,70.189,1.0,1,1.0,-1.0,-1.0,-1.0
83,15,826,196,31.667,86.498,1.0,1,1.0,-1.0,-1.0,-1.0
83,11,42,169,53.333,124.75,1.0,1,1.0,-1.0,-1.0,-1.0
83,14,877,151,64.333,152.6,1.0,1,0.09375,-1.0,-1.0,-1.0
83,12,107,163,55.667,141.65,1.0,1,1.0,-1.0,-1.0,-1.0
83,7,873,140,62.0,196.12,1.0,1,1.0,-1.0,-1.0,-1.0
84,13,191,172,23.507,73.217,1.0,1,1.0,-1.0,-1.0,-1.0
84,16,862,197,46.535,93.904,1.0,1,0.3028519692168402,-1.0,-1.0,-1.0
84,15,843,198,41.086,93.667,1.0,1,1.0,-1.0,-1.0,-1.0
84,11,0,169,86.323,131.41,1.0,1,0.813953488372093,-1.0,-1.0,-1.0
84,12,70,161,64.545,151.82,1.0,1,1.0,-1.0,-1.0,-1.0
84,14,905,148,66.916,167.49,1.0,1,0.0,-1.0,-1.0,-1.0
84,7,898,135,77.846,217.94,1.0,1,1.0,-1.0,-1.0,-1.0
85,13,171,172,21.667,76.526,1.0,1,1.0,-1.0,-1.0,-1.0
85,16,887,200,39.0,102.16,1.0,1,0.389894419306184,-1.0,-1.0,-1.0
85,15,861,201,47.333,102.13,1.0,1,1.0,-1.0,-1.0,-1.0
85,11,0,170,57.701,136.76,1.0,1,0.3103448275862069,-1.0,-1.0,-1.0
85,12,18,161,67.667,165.65,1.0,1,1.0,-1.0,-1.0,-1.0
85,14,938,144,65.0,185.41,1.0,1,0.0,-1.0,-1.0,-1.0
85,7,923,132,85.0,242.04,1.0,1,1.0,-1.0,-1.0,-1.0
86,13,150,173,25.841,80.148,1.0,1,1.0,-1.0,-1.0,-1.0
86,16,912,203,41.226,111.99,1.0,1,0.44403310104529614,-1.0,-1.0,-1.0
86,15,882,204,53.061,112.27,1.0,1,1.0,-1.0,-1.0,-1.0
86,14,977,140,102.49,206.43,1.0,1,0.029411764705882353,-1.0,-1.0,-1.0
86,7,964,128,112.24,246.1,1.0,1,1.0,-1.0,-1.0,-1.0
87,17,909,166,22.0,56.465,0.0,1,0.7321428571428571,-1.0,-1.0,-1.0
87,13,126,173,28.667,84.131,1.0,1,1.0,-1.0,-1.0,-1.0
87,16,941,207,38.0,123.92,1.0,1,0.5263157894736842,-1.0,-1.0,-1.0
87,15,906,207,53.0,124.64,1.0,1,1.0,-1.0,-1.0,-1.0
87,14,1039,135,89.563,236.45,1.0,1,0.0,-1.0,-1.0,-1.0
87,7,1008,123,124.67,251.46,1.0,1,1.0,-1.0,-1.0,-1.0
88,17,916,166,22.737,58.174,0.0,1,0.9707646176911544,-1.0,-1.0,-1.0
88,13,100,173,32.501,88.529,1.0,1,1.0,-1.0,-1.0,-1.0
88,16,983,210,60.717,138.58,1.0,1,0.5599716947753273,-1.0,-1.0,-1.0
88,15,936,211,68.802,140.06,1.0,1,1.0,-1.0,-1.0,-1.0
88,7,1039,115,202.29,258.86,1.0,1,0.22114759738522113,-1.0,-1.0,-1.0
88,14,1067,130,166.66,243.7,1.0,1,0.0,-1.0,-1.0,-1.0
89,17,922,165,22.667,59.989,1.0,1,1.0,-1.0,-1.0,-1.0
89,13,70,172,34.333,93.035,1.0,1,1.0,-1.0,-1.0,-1.0
89,16,1032,213,76.667,157.15,1.0,1,0.7435685333774505,-1.0,-1.0,-1.0
89,7,1116,107,125.46,267.24,1.0,1,1.0,-1.0,-1.0,-1.0
89,15,976,215,76.333,158.62,1.0,1,1.0,-1.0,-1.0,-1.0
90,17,932,165,23.111,61.922,1.0,1,1.0,-1.0,-1.0,-1.0
90,13,39,170,36.942,98.025,1.0,1,1.0,-1.0,-1.0,-1.0
90,7,1229,109,12.348,265.13,1.0,1,1.0,-1.0,-1.0,-1.0
90,15,1021,220,115.59,154.0,1.0,1,0.4946820420958352,-1.0,-1.0,-1.0
90,16,1078,221,120.61,153.3,1.0,1,0.512396694214876,-1.0,-1.0,-1.0
91,18,884,166,22.0,58.922,0.0,1,1.0,-1.0,-1.0,-1.0
91,17,941,165,22.667,63.983,1.0,1,1.0,-1.0,-1.0,-1.0
91,13,6,170,37.0,103.52,1.0,1,1.0,-1.0,-1.0,-1.0
91,15,1089,228,143.98,146.3,1.0,1,0.4863013698630137,-1.0,-1.0,-1.0
91,16,1158,230,83.043,143.87,1.0,1,0.0963855421686747,-1.0,-1.0,-1.0
92,18,890,165,22.897,60.425,1.0,1,1.0,-1.0,-1.0,-1.0
92,17,949,165,24.644,66.187,1.0,1,1.0,-1.0,-1.0,-1.0
92,15,1182,238,58.974,135.89,1.0,1,1.0,-1.0,-1.0,-1.0
93,18,895,165,23.0,62.005,1.0,1,1.0,-1.0,-1.0,-1.0
93,17,957,165,25.667,68.537,1.0,1,1.0,-1.0,-1.0,-1.0
94,18,900,166,24.76,63.677,1.0,1,1.0,-1.0,-1.0,-1.0
94,17,968,165,28.752,71.061,1.0,1,1.0,-1.0,-1.0,-1.0
95,18,907,168,25.667,65.555,1.0,1,1.0,-1.0,-1.0,-1.0
95,17,980,165,30.667,73.778,1.0,1,1.0,-1.0,-1.0,-1.0
96,18,915,167,26.169,67.378,1.0,1,1.0,-1.0,-1.0,-1.0
96,17,992,165,33.426,76.712,1.0,1,1.0,-1.0,-1.0,-1.0
97,18,922,166,25.667,69.306,1.0,1,1.0,-1.0,-1.0,-1.0
97,17,1004,165,34.667,79.888,1.0,1,1.0,-1.0,-1.0,-1.0
98,18,929,166,29.53,71.346,1.0,1,1.0,-1.0,-1.0,-1.0
98,17,1019,164,34.88,83.094,1.0,1,1.0,-1.0,-1.0,-1.0
99,18,936,165,32.333,73.582,1.0,1,1.0,-1.0,-1.0,-1.0
99,17,1034,164,33.333,86.568,1.0,1,1.0,-1.0,-1.0,-1.0
100,18,948,164,33.88,75.963,1.0,1,1.0,-1.0,-1.0,-1.0
100,17,1051,163,38.1,90.346,1.0,1,1.0,-1.0,-1.0,-1.0
101,18,960,163,34.0,78.503,1.0,1,1.0,-1.0,-1.0,-1.0
101,17,1069,162,41.0,94.468,1.0,1,1.0,-1.0,-1.0,-1.0
102,18,970,162,35.144,81.219,1.0,1,1.0,-1.0,-1.0,-1.0
102,17,1089,161,42.943,98.984,1.0,1,1.0,-1.0,-1.0,-1.0
103,18,980,161,34.667,84.129,1.0,1,1.0,-1.0,-1.0,-1.0
103,17,1112,159,42.333,104.37,1.0,1,1.0,-1.0,-1.0,-1.0
104,18,993,159,36.897,87.256,1.0,1,1.0,-1.0,-1.0,-1.0
104,17,1139,157,47.766,110.38,1.0,1,1.0,-1.0,-1.0,-1.0
105,20,215,155,28.333,69.625,1.0,1,1.0,-1.0,-1.0,-1.0
105,18,1004,157,37.333,90.336,1.0,1,1.0,-1.0,-1.0,-1.0
105,17,1167,154,50.0,116.92,1.0,1,1.0,-1.0,-1.0,-1.0
106,21,213,167,37.522,59.869,1.0,1,0.5,-1.0,-1.0,-1.0
106,20,201,156,31.025,71.997,1.0,1,1.0,-1.0,-1.0,-1.0
106,18,1018,158,41.358,93.851,1.0,1,1.0,-1.0,-1.0,-1.0
106,17,1189,155,51.939,124.11,1.0,1,1.0,-1.0,-1.0,-1.0
107,21,205,167,22.0,61.923,1.0,1,0.45454545454545453,-1.0,-1.0,-1.0
107,20,185,158,32.333,74.535,1.0,1,1.0,-1.0,-1.0,-1.0
107,18,1031,160,43.333,97.65,1.0,1,1.0,-1.0,-1.0,-1.0
107,17,1224,157,16.79,128.24,1.0,1,1.0,-1.0,-1.0,-1.0
108,21,187,166,21.646,64.123,1.0,1,0.4090909090909091,-1.0,-1.0,-1.0
108,20,169,156,31.382,77.231,1.0,1,1.0,-1.0,-1.0,-1.0
108,18,1047,161,45.796,101.77,1.0,1,1.0,-1.0,-1.0,-1.0
109,21,168,164,20.333,66.486,1.0,1,0.2,-1.0,-1.0,-1.0
109,20,155,154,28.667,80.172,1.0,1,1.0,-1.0,-1.0,-1.0
109,18,1063,159,45.667,105.87,1.0,1,1.0,-1.0,-1.0,-1.0
110,21,155,163,23.645,69.029,1.0,1,0.2916666666666667,-1.0,-1.0,-1.0
110,20,138,153,33.597,83.347,1.0,1,1.0,-1.0,-1.0,-1.0
110,18,1083,157,47.216,110.32,1.0,1,1.0,-1.0,-1.0,-1.0
111,19,474,174,23.333,59.74,1.0,1,1.0,-1.0,-1.0,-1.0
111,21,141,162,26.0,71.775,1.0,1,0.46153846153846156,-1.0,-1.0,-1.0
111,20,118,151,37.0,87.052,1.0,1,1.0,-1.0,-1.0,-1.0
111,18,1102,156,46.0,115.14,1.0,1,1.0,-1.0,-1.0,-1.0
112,19,469,172,23.609,61.987,1.0,1,1.0,-1.0,-1.0,-1.0
112,21,119,161,33.166,74.748,1.0,1,0.3939393939393939,-1.0,-1.0,-1.0
112,20,96,148,42.998,90.514,1.0,1,1.0,-1.0,-1.0,-1.0
112,18,1122,156,52.658,120.4,1.0,1,1.0,-1.0,-1.0,-1.0
113,19,464,175,23.0,64.225,1.0,1,1.0,-1.0,-1.0,-1.0
113,21,90,161,39.0,78.237,1.0,1,0.41025641025641024,-1.0,-1.0,-1.0
113,20,66,149,47.0,94.826,1.0,1,1.0,-1.0,-1.0,-1.0
113,18,1144,155,56.333,126.16,1.0,1,1.0,-1.0,-1.0,-1.0
114,19,460,177,24.451,66.751,1.0,1,1.0,-1.0,-1.0,-1.0
114,21,68,163,42.654,81.96,1.0,1,0.5813953488372093,-1.0,-1.0,-1.0
114,20,40,150,46.009,99.568,1.0,1,1.0,-1.0,-1.0,-1.0
114,18,1146,155,95.322,132.5,1.0,1,1.0,-1.0,-1.0,-1.0
115,19,455,178,25.0,69.516,1.0,1,1.0,-1.0,-1.0,-1.0
115,21,42,165,44.0,86.056,1.0,1,0.7045454545454546,-1.0,-1.0,-1.0
115,20,13,151,41.667,105.0,1.0,1,1.0,-1.0,-1.0,-1.0
115,18,1170,154,71.11,139.21,1.0,1,1.0,-1.0,-1.0,-1.0
116,19,447,177,27.031,72.423,1.0,1,1.0,-1.0,-1.0,-1.0
116,21,3,163,62.614,90.657,1.0,1,0.3968253968253968,-1.0,-1.0,-1.0
116,20,0,148,41.061,109.9,1.0,1,1.0,-1.0,-1.0,-1.0
116,18,1197,154,44.44,142.73,1.0,1,1.0,-1.0,-1.0,-1.0
117,19,438,176,28.0,75.583,1.0,1,1.0,-1.0,-1.0,-1.0
117,21,0,161,38.615,95.787,1.0,1,1.0,-1.0,-1.0,-1.0
118,19,430,175,30.65,79.063,1.0,1,1.0,-1.0,-1.0,-1.0
119,19,418,176,32.0,82.956,1.0,1,1.0,-1.0,-1.0,-1.0
120,19,404,177,37.337,87.289,1.0,1,1.0,-1.0,-1.0,-1.0
121,19,389,178,41.0,92.101,1.0,1,1.0,-1.0,-1.0,-1.0
122,19,375,180,42.198,97.473,1.0,1,1.0,-1.0,-1.0,-1.0
123,19,359,182,41.0,103.59,1.0,1,1.0,-1.0,-1.0,-1.0
124,19,344,180,46.156,110.1,1.0,1,1.0,-1.0,-1.0,-1.0
125,19,326,178,48.667,117.48,1.0,1,1.0,-1.0,-1.0,-1.0
126,19,305,178,54.961,126.08,1.0,1,1.0,-1.0,-1.0,-1.0
127,19,280,178,57.667,136.23,1.0,1,1.0,-1.0,-1.0,-1.0
128,19,252,178,67.456,147.7,1.0,1,1.0,-1.0,-1.0,-1.0
129,19,218,179,72.333,161.56,1.0,1,1.0,-1.0,-1.0,-1.0
130,19,181,179,82.773,178.28,1.0,1,1.0,-1.0,-1.0,-1.0
131,19,134,179,85.667,194.77,1.0,1,1.0,-1.0,-1.0,-1.0
132,19,77,180,99.444,194.34,1.0,1,1.0,-1.0,-1.0,-1.0
133,19,10,180,102.0,193.89,1.0,1,1.0,-1.0,-1.0,-1.0
208,22,739,173,43.21,71.945,1.0,1,1.0,-1.0,-1.0,-1.0
209,22,752,175,23.0,73.683,1.0,1,1.0,-1.0,-1.0,-1.0
210,22,759,176,27.784,75.507,1.0,1,1.0,-1.0,-1.0,-1.0
211,23,729,185,20.0,55.716,0.0,1,1.0,-1.0,-1.0,-1.0
211,22,767,177,32.0,77.439,1.0,1,1.0,-1.0,-1.0,-1.0
212,23,731,184,21.941,57.319,0.0,1,1.0,-1.0,-1.0,-1.0
212,22,774,179,30.083,79.495,1.0,1,1.0,-1.0,-1.0,-1.0
213,23,732,183,23.333,59.017,1.0,1,1.0,-1.0,-1.0,-1.0
213,22,781,180,27.333,81.663,1.0,1,1.0,-1.0,-1.0,-1.0
214,23,732,182,26.339,60.818,1.0,1,1.0,-1.0,-1.0,-1.0
214,22,784,177,32.406,84.109,1.0,1,1.0,-1.0,-1.0,-1.0
215,23,731,182,28.667,62.733,1.0,1,1.0,-1.0,-1.0,-1.0
215,22,787,174,36.667,86.784,1.0,1,1.0,-1.0,-1.0,-1.0
216,23,734,181,30.276,64.772,1.0,1,1.0,-1.0,-1.0,-1.0
216,22,790,171,39.162,89.653,1.0,1,1.0,-1.0,-1.0,-1.0
217,23,734,180,31.0,67.312,1.0,1,1.0,-1.0,-1.0,-1.0
217,22,793,167,40.5,92.717,1.0,1,1.0,-1.0,-1.0,-1.0
218,23,737,178,31.75,70.059,1.0,1,1.0,-1.0,-1.0,-1.0
218,22,800,163,42.099,95.999,1.0,1,1.0,-1.0,-1.0,-1.0
219,23,740,177,31.333,73.077,1.0,1,1.0,-1.0,-1.0,-1.0
219,22,805,162,42.333,99.849,1.0,1,1.0,-1.0,-1.0,-1.0
220,23,742,175,33.809,76.376,1.0,1,1.0,-1.0,-1.0,-1.0
220,22,810,160,44.852,104.02,1.0,1,1.0,-1.0,-1.0,-1.0
221,23,744,174,35.0,79.987,1.0,1,1.0,-1.0,-1.0,-1.0
221,22,815,158,45.667,108.56,1.0,1,1.0,-1.0,-1.0,-1.0
222,23,748,175,36.305,83.903,1.0,1,1.0,-1.0,-1.0,-1.0
222,22,817,160,52.852,113.62,1.0,1,1.0,-1.0,-1.0,-1.0
223,23,752,178,36.0,88.22,1.0,1,1.0,-1.0,-1.0,-1.0
223,22,819,162,58.0,119.17,1.0,1,1.0,-1.0,-1.0,-1.0
224,23,758,179,36.91,93.093,1.0,1,1.0,-1.0,-1.0,-1.0
224,22,829,161,58.813,125.05,1.0,1,1.0,-1.0,-1.0,-1.0
225,23,765,180,36.0,98.554,1.0,1,1.0,-1.0,-1.0,-1.0
225,22,843,160,57.333,131.83,1.0,1,1.0,-1.0,-1.0,-1.0
226,23,768,179,46.01,104.6,1.0,1,1.0,-1.0,-1.0,-1.0
226,22,854,159,62.936,139.39,1.0,1,1.0,-1.0,-1.0,-1.0
227,23,771,177,54.0,111.49,1.0,1,1.0,-1.0,-1.0,-1.0
227,22,864,158,65.667,147.87,1.0,1,1.0,-1.0,-1.0,-1.0
228,23,782,177,58.362,119.55,1.0,1,1.0,-1.0,-1.0,-1.0
228,22,880,157,75.383,157.65,1.0,1,1.0,-1.0,-1.0,-1.0
229,23,794,179,59.0,128.98,1.0,1,1.0,-1.0,-1.0,-1.0
229,22,896,156,80.333,168.81,1.0,1,1.0,-1.0,-1.0,-1.0
230,23,808,182,67.349,140.1,1.0,1,1.0,-1.0,-1.0,-1.0
230,22,913,156,89.081,181.67,1.0,1,1.0,-1.0,-1.0,-1.0
231,23,821,182,70.333,152.94,1.0,1,1.0,-1.0,-1.0,-1.0
231,22,929,155,91.0,196.65,1.0,1,1.0,-1.0,-1.0,-1.0
232,23,837,182,81.984,168.37,1.0,1,1.0,-1.0,-1.0,-1.0
232,22,949,154,115.27,214.33,1.0,1,1.0,-1.0,-1.0,-1.0
233,25,579,173,18.0,50.177,0.0,1,1.0,-1.0,-1.0,-1.0
233,23,854,183,86.0,187.3,1.0,1,1.0,-1.0,-1.0,-1.0
233,22,970,152,129.33,222.2,1.0,1,1.0,-1.0,-1.0,-1.0
234,24,593,178,19.712,43.756,0.0,1,1.0,-1.0,-1.0,-1.0
234,25,575,173,18.465,51.59,0.0,1,1.0,-1.0,-1.0,-1.0
234,22,1005,149,153.71,225.02,1.0,1,1.0,-1.0,-1.0,-1.0
234,23,881,185,96.81,189.15,1.0,1,1.0,-1.0,-1.0,-1.0
235,28,737,168,15.0,45.637,0.0,1,1.0,-1.0,-1.0,-1.0
235,29,759,170,14.667,43.53,0.0,1,1.0,-1.0,-1.0,-1.0
235,24,591,179,15.333,44.424,0.0,1,1.0,-1.0,-1.0,-1.0
235,25,569,174,18.333,53.087,0.0,1,1.0,-1.0,-1.0,-1.0
235,22,1043,145,160.33,228.54,1.0,1,1.0,-1.0,-1.0,-1.0
235,23,911,187,94.333,186.9,1.0,1,1.0,-1.0,-1.0,-1.0
236,29,757,170,16.521,44.433,0.0,1,1.0,-1.0,-1.0,-1.0
236,28,737,170,16.378,46.568,0.0,1,1.0,-1.0,-1.0,-1.0
236,24,587,180,16.309,45.114,0.0,1,1.0,-1.0,-1.0,-1.0
236,25,563,175,20.832,54.674,0.0,1,1.0,-1.0,-1.0,-1.0
236,22,1068,142,173.11,231.74,1.0,1,0.8716364361172015,-1.0,-1.0,-1.0
236,23,935,190,161.07,183.98,1.0,1,0.8260869565217391,-1.0,-1.0,-1.0
237,29,754,171,18.0,45.375,0.0,1,1.0,-1.0,-1.0,-1.0
237,28,736,170,17.333,47.547,0.0,1,1.0,-1.0,-1.0,-1.0
237,24,582,179,17.0,45.869,0.0,1,1.0,-1.0,-1.0,-1.0
237,25,556,175,22.667,56.357,0.0,1,1.0,-1.0,-1.0,-1.0
237,22,1122,139,119.28,234.83,1.0,1,0.5766136241730735,-1.0,-1.0,-1.0
237,23,982,189,203.91,184.76,1.0,1,0.6862745098039216,-1.0,-1.0,-1.0
238,29,753,170,17.879,46.319,0.0,1,1.0,-1.0,-1.0,-1.0
238,28,735,170,16.905,48.568,0.0,1,1.0,-1.0,-1.0,-1.0
238,24,578,179,18.348,46.65,0.0,1,1.0,-1.0,-1.0,-1.0
238,25,550,174,23.782,58.144,0.0,1,1.0,-1.0,-1.0,-1.0
238,40,1032,167,55.547,92.191,1.0,1,0.3223990683229814,-1.0,-1.0,-1.0
238,39,1057,160,66.425,105.77,1.0,1,0.2641509433962264,-1.0,-1.0,-1.0
238,22,1191,135,49.746,238.6,1.0,1,0.2217573221757322,-1.0,-1.0,-1.0
238,23,1048,188,193.19,185.89,1.0,1,0.7409326424870466,-1.0,-1.0,-1.0
239,29,752,168,17.333,47.302,0.0,1,1.0,-1.0,-1.0,-1.0
239,28,733,168,16.0,49.625,0.0,1,1.0,-1.0,-1.0,-1.0
239,24,571,178,19.667,47.437,0.0,1,1.0,-1.0,-1.0,-1.0
239,25,542,173,24.0,60.049,1.0,1,1.0,-1.0,-1.0,-1.0
239,40,1062,165,33.333,96.124,1.0,1,0.45454545454545453,-1.0,-1.0,-1.0
239,39,1077,158,41.667,110.31,1.0,1,1.0,-1.0,-1.0,-1.0
239,23,1148,187,93.197,186.68,1.0,1,1.0,-1.0,-1.0,-1.0
240,29,749,167,17.542,48.328,0.0,1,1.0,-1.0,-1.0,-1.0
240,28,730,166,17.37,50.727,0.0,1,1.0,-1.0,-1.0,-1.0
240,24,564,177,18.846,48.299,0.0,1,1.0,-1.0,-1.0,-1.0
240,25,534,172,24.032,62.083,1.0,1,1.0,-1.0,-1.0,-1.0
240,40,1072,163,35.139,100.41,1.0,1,0.5714285714285714,-1.0,-1.0,-1.0
240,39,1092,156,47.919,115.26,1.0,1,1.0,-1.0,-1.0,-1.0
241,29,746,167,17.333,49.462,0.0,1,1.0,-1.0,-1.0,-1.0
241,28,727,166,18.333,52.016,0.0,1,1.0,-1.0,-1.0,-1.0
241,24,558,177,17.667,49.194,0.0,1,1.0,-1.0,-1.0,-1.0
241,25,525,172,23.0,64.405,1.0,1,1.0,-1.0,-1.0,-1.0
241,40,1082,162,35.0,105.09,1.0,1,0.7142857142857143,-1.0,-1.0,-1.0
241,39,1107,154,51.667,120.68,1.0,1,1.0,-1.0,-1.0,-1.0
242,28,724,165,17.932,53.372,0.0,1,1.0,-1.0,-1.0,-1.0
242,29,742,167,19.054,50.651,0.0,1,1.0,-1.0,-1.0,-1.0
242,24,550,178,17.329,50.151,0.0,1,1.0,-1.0,-1.0,-1.0
242,25,514,172,24.529,66.907,1.0,1,1.0,-1.0,-1.0,-1.0
242,40,1096,162,39.617,110.16,1.0,1,0.7,-1.0,-1.0,-1.0
242,39,1124,153,56.652,126.92,1.0,1,1.0,-1.0,-1.0,-1.0
243,29,738,167,20.333,51.937,0.0,1,0.95,-1.0,-1.0,-1.0
243,28,722,165,17.0,54.689,0.0,1,1.0,-1.0,-1.0,-1.0
243,24,542,178,16.333,51.145,0.0,1,1.0,-1.0,-1.0,-1.0
243,25,503,171,25.333,69.604,1.0,1,1.0,-1.0,-1.0,-1.0
243,40,1110,162,42.0,115.75,1.0,1,0.7380952380952381,-1.0,-1.0,-1.0
243,39,1141,153,58.0,133.85,1.0,1,1.0,-1.0,-1.0,-1.0
244,29,736,166,21.784,53.29,0.0,1,0.9545454545454546,-1.0,-1.0,-1.0
244,28,719,166,17.916,56.073,0.0,1,1.0,-1.0,-1.0,-1.0
244,24,534,177,17.801,52.151,0.0,1,1.0,-1.0,-1.0,-1.0
244,25,492,170,26.617,72.527,1.0,1,1.0,-1.0,-1.0,-1.0
244,40,1130,163,48.001,121.94,1.0,1,0.5,-1.0,-1.0,-1.0
244,39,1154,153,87.52,141.49,1.0,1,1.0,-1.0,-1.0,-1.0
245,29,733,166,22.667,54.716,0.0,1,1.0,-1.0,-1.0,-1.0
245,28,715,166,18.333,57.529,0.0,1,1.0,-1.0,-1.0,-1.0
245,24,526,177,18.667,53.298,0.0,1,1.0,-1.0,-1.0,-1.0
245,25,482,171,27.0,75.7,1.0,1,1.0,-1.0,-1.0,-1.0
245,40,1152,163,51.0,128.83,1.0,1,0.47058823529411764,-1.0,-1.0,-1.0
245,39,1176,153,64.683,149.86,1.0,1,1.0,-1.0,-1.0,-1.0
246,29,731,166,22.512,56.247,0.0,1,1.0,-1.0,-1.0,-1.0
246,28,712,166,17.764,59.062,1.0,1,1.0,-1.0,-1.0,-1.0
246,24,518,177,20.68,54.495,0.0,1,1.0,-1.0,-1.0,-1.0
246,25,470,171,28.542,79.164,1.0,1,1.0,-1.0,-1.0,-1.0
246,40,1167,163,73.892,136.45,1.0,1,0.47297297297297297,-1.0,-1.0,-1.0
246,39,1202,154,39.16,152.71,1.0,1,1.0,-1.0,-1.0,-1.0
247,29,729,166,21.667,57.865,0.0,1,1.0,-1.0,-1.0,-1.0
247,28,712,165,16.667,60.912,1.0,1,1.0,-1.0,-1.0,-1.0
247,24,509,177,22.667,55.668,0.0,1,1.0,-1.0,-1.0,-1.0
247,25,456,171,29.0,83.035,1.0,1,1.0,-1.0,-1.0,-1.0
247,40,1193,164,47.924,144.29,1.0,1,0.8125,-1.0,-1.0,-1.0
247,39,1232,159,8.9155,154.97,1.0,1,1.0,-1.0,-1.0,-1.0
248,29,726,166,22.843,59.58,1.0,1,0.8695652173913043,-1.0,-1.0,-1.0
248,28,709,165,19.811,62.882,1.0,1,1.0,-1.0,-1.0,-1.0
248,24,502,177,25.195,56.967,0.0,1,1.0,-1.0,-1.0,-1.0
248,25,442,170,34.334,87.294,1.0,1,1.0,-1.0,-1.0,-1.0
248,40,1222,164,18.674,146.11,1.0,1,1.0,-1.0,-1.0,-1.0
249,29,723,165,23.333,61.4,1.0,1,0.7391304347826086,-1.0,-1.0,-1.0
249,28,707,165,22.333,64.898,1.0,1,1.0,-1.0,-1.0,-1.0
249,24,492,177,27.667,58.302,0.0,1,1.0,-1.0,-1.0,-1.0
249,26,465,172,27.0,74.29,1.0,1,1.0,-1.0,-1.0,-1.0
249,25,425,168,37.667,92.013,1.0,1,1.0,-1.0,-1.0,-1.0
250,29,722,166,23.595,63.369,1.0,1,0.75,-1.0,-1.0,-1.0
250,28,705,164,22.605,67.049,1.0,1,1.0,-1.0,-1.0,-1.0
250,24,489,177,23.753,59.568,1.0,1,1.0,-1.0,-1.0,-1.0
250,26,457,172,27.974,77.764,1.0,1,1.0,-1.0,-1.0,-1.0
250,25,410,167,38.941,97.26,1.0,1,1.0,-1.0,-1.0,-1.0
251,29,721,166,23.0,65.469,1.0,1,0.8260869565217391,-1.0,-1.0,-1.0
251,28,703,164,22.0,69.347,1.0,1,1.0,-1.0,-1.0,-1.0
251,24,480,178,23.0,61.212,1.0,1,1.0,-1.0,-1.0,-1.0
251,26,448,171,28.0,81.579,1.0,1,1.0,-1.0,-1.0,-1.0
251,25,394,167,37.333,103.12,1.0,1,1.0,-1.0,-1.0,-1.0
252,29,722,167,22.28,67.713,1.0,1,0.7727272727272727,-1.0,-1.0,-1.0
252,28,704,165,22.753,71.703,1.0,1,1.0,-1.0,-1.0,-1.0
252,24,471,179,25.293,62.9,1.0,1,1.0,-1.0,-1.0,-1.0
252,26,438,172,30.874,85.734,1.0,1,1.0,-1.0,-1.0,-1.0
252,25,376,167,41.233,109.72,1.0,1,1.0,-1.0,-1.0,-1.0
253,29,724,167,20.667,70.204,1.0,1,0.7142857142857143,-1.0,-1.0,-1.0
253,28,707,166,22.667,74.221,1.0,1,1.0,-1.0,-1.0,-1.0
253,24,463,180,24.0,64.569,1.0,1,1.0,-1.0,-1.0,-1.0
253,26,428,173,32.667,90.256,1.0,1,1.0,-1.0,-1.0,-1.0
253,25,356,168,42.0,117.19,1.0,1,1.0,-1.0,-1.0,-1.0
254,29,729,168,26.45,72.885,1.0,1,0.8076923076923077,-1.0,-1.0,-1.0
254,28,709,166,25.48,76.922,1.0,1,1.0,-1.0,-1.0,-1.0
254,24,454,181,29.289,66.287,1.0,1,0.9310344827586207,-1.0,-1.0,-1.0
254,26,424,173,32.364,95.273,1.0,1,1.0,-1.0,-1.0,-1.0
254,25,335,168,50.508,125.74,1.0,1,1.0,-1.0,-1.0,-1.0
255,29,732,169,31.333,75.779,1.0,1,0.8064516129032258,-1.0,-1.0,-1.0
255,28,711,167,27.333,79.828,1.0,1,1.0,-1.0,-1.0,-1.0
255,24,448,181,32.667,68.041,1.0,1,0.9393939393939394,-1.0,-1.0,-1.0
255,26,418,174,32.0,100.87,1.0,1,1.0,-1.0,-1.0,-1.0
255,25,313,168,55.0,135.86,1.0,1,1.0,-1.0,-1.0,-1.0
256,29,740,169,32.308,79.094,1.0,1,0.6875,-1.0,-1.0,-1.0
256,28,720,166,30.363,83.355,1.0,1,1.0,-1.0,-1.0,-1.0
256,24,444,181,32.752,69.89,1.0,1,1.0,-1.0,-1.0,-1.0
256,26,404,174,35.412,107.31,1.0,1,1.0,-1.0,-1.0,-1.0
256,27,337,173,43.042,107.59,1.0,1,0.5813953488372093,-1.0,-1.0,-1.0
256,25,287,168,67.577,147.74,1.0,1,1.0,-1.0,-1.0,-1.0
257,29,748,168,31.667,82.712,1.0,1,0.625,-1.0,-1.0,-1.0
257,24,439,181,32.0,71.842,1.0,1,1.0,-1.0,-1.0,-1.0
257,28,728,166,31.667,87.209,1.0,1,1.0,-1.0,-1.0,-1.0
257,27,333,173,34.333,113.35,1.0,1,1.0,-1.0,-1.0,-1.0
257,26,387,174,36.667,114.62,1.0,1,1.0,-1.0,-1.0,-1.0
257,25,259,168,74.0,161.8,1.0,1,1.0,-1.0,-1.0,-1.0
258,24,440,181,31.766,73.906,1.0,1,1.0,-1.0,-1.0,-1.0
258,29,758,168,34.275,86.659,1.0,1,0.7352941176470589,-1.0,-1.0,-1.0
258,28,733,166,33.745,91.436,1.0,1,1.0,-1.0,-1.0,-1.0
258,41,395,178,38.775,88.009,1.0,1,0.46153846153846156,-1.0,-1.0,-1.0
258,27,324,172,34.072,119.75,1.0,1,1.0,-1.0,-1.0,-1.0
258,26,372,173,43.702,122.99,1.0,1,1.0,-1.0,-1.0,-1.0
258,25,231,168,81.281,178.82,1.0,1,1.0,-1.0,-1.0,-1.0
259,24,440,181,30.667,76.093,1.0,1,1.0,-1.0,-1.0,-1.0
259,29,768,168,35.0,91.002,1.0,1,0.9142857142857143,-1.0,-1.0,-1.0
259,28,737,165,33.667,96.094,1.0,1,1.0,-1.0,-1.0,-1.0
259,41,396,177,29.333,92.974,1.0,1,0.8275862068965517,-1.0,-1.0,-1.0
259,27,312,172,32.0,126.92,1.0,1,1.0,-1.0,-1.0,-1.0
259,26,355,173,46.0,132.55,1.0,1,1.0,-1.0,-1.0,-1.0
259,25,194,166,78.667,199.74,1.0,1,1.0,-1.0,-1.0,-1.0
260,24,433,180,31.131,78.688,1.0,1,1.0,-1.0,-1.0,-1.0
260,29,780,165,39.898,95.748,1.0,1,0.85,-1.0,-1.0,-1.0
260,28,750,163,35.806,101.06,1.0,1,1.0,-1.0,-1.0,-1.0
260,41,391,176,35.426,98.527,1.0,1,0.8571428571428571,-1.0,-1.0,-1.0
260,27,300,171,36.497,135.0,1.0,1,1.0,-1.0,-1.0,-1.0
260,26,342,172,53.522,143.71,1.0,1,1.0,-1.0,-1.0,-1.0
260,25,154,164,94.08,210.27,1.0,1,1.0,-1.0,-1.0,-1.0
261,24,425,179,31.0,81.464,1.0,1,1.0,-1.0,-1.0,-1.0
261,29,793,163,42.333,101.02,1.0,1,0.8809523809523809,-1.0,-1.0,-1.0
261,28,763,160,35.333,106.56,1.0,1,1.0,-1.0,-1.0,-1.0
261,41,384,174,40.667,104.78,1.0,1,1.0,-1.0,-1.0,-1.0
261,27,285,170,39.0,144.17,1.0,1,0.9743589743589743,-1.0,-1.0,-1.0
261,26,323,170,54.667,156.92,1.0,1,1.0,-1.0,-1.0,-1.0
261,25,93,160,96.0,213.64,1.0,1,1.0,-1.0,-1.0,-1.0
262,24,422,178,31.772,84.439,1.0,1,0.96875,-1.0,-1.0,-1.0
262,29,812,158,44.988,107.13,1.0,1,0.8666666666666667,-1.0,-1.0,-1.0
262,28,775,155,43.376,113.05,1.0,1,1.0,-1.0,-1.0,-1.0
262,41,377,173,46.227,111.87,1.0,1,1.0,-1.0,-1.0,-1.0
262,27,269,169,45.081,154.65,1.0,1,0.8,-1.0,-1.0,-1.0
262,26,305,169,65.263,172.8,1.0,1,1.0,-1.0,-1.0,-1.0
262,25,0,156,162.36,218.19,1.0,1,1.0,-1.0,-1.0,-1.0
263,24,417,177,32.0,87.635,1.0,1,1.0,-1.0,-1.0,-1.0
263,29,832,158,44.333,114.14,1.0,1,0.8863636363636364,-1.0,-1.0,-1.0
263,28,788,155,48.667,120.43,1.0,1,1.0,-1.0,-1.0,-1.0
263,41,365,173,49.0,120.12,1.0,1,1.0,-1.0,-1.0,-1.0
263,27,247,168,47.333,166.77,1.0,1,0.6808510638297872,-1.0,-1.0,-1.0
263,26,279,168,67.333,192.03,1.0,1,1.0,-1.0,-1.0,-1.0
264,24,412,178,36.34,90.709,1.0,1,1.0,-1.0,-1.0,-1.0
264,29,857,158,50.728,122.13,1.0,1,0.8235294117647058,-1.0,-1.0,-1.0
264,28,812,154,53.785,130.27,1.0,1,1.0,-1.0,-1.0,-1.0
264,41,356,172,54.53,129.56,1.0,1,1.0,-1.0,-1.0,-1.0
264,27,219,167,58.66,180.95,1.0,1,0.4745762711864407,-1.0,-1.0,-1.0
264,26,247,166,81.346,208.09,1.0,1,1.0,-1.0,-1.0,-1.0
265,24,407,179,40.333,93.995,1.0,1,1.0,-1.0,-1.0,-1.0
265,29,883,158,53.0,131.32,1.0,1,0.8867924528301887,-1.0,-1.0,-1.0
265,28,835,153,53.667,139.24,1.0,1,1.0,-1.0,-1.0,-1.0
265,41,346,171,57.333,140.61,1.0,1,1.0,-1.0,-1.0,-1.0
265,27,196,165,59.241,197.77,1.0,1,0.03389830508474576,-1.0,-1.0,-1.0
265,26,198,164,84.0,210.2,1.0,1,1.0,-1.0,-1.0,-1.0
266,24,403,178,40.819,97.749,1.0,1,1.0,-1.0,-1.0,-1.0
266,29,908,157,65.956,142.0,1.0,1,0.8787878787878788,-1.0,-1.0,-1.0
266,28,859,150,57.325,150.12,1.0,1,1.0,-1.0,-1.0,-1.0
266,41,330,171,65.415,154.21,1.0,1,1.0,-1.0,-1.0,-1.0
266,26,91,163,178.0,210.89,1.0,1,0.5955056179775281,-1.0,-1.0,-1.0
266,27,149,163,71.909,211.03,1.0,1,0.0,-1.0,-1.0,-1.0
267,24,399,178,41.333,101.8,1.0,1,1.0,-1.0,-1.0,-1.0
267,29,934,153,73.0,154.55,1.0,1,0.9315068493150684,-1.0,-1.0,-1.0
267,28,884,147,55.333,162.85,1.0,1,1.0,-1.0,-1.0,-1.0
267,41,307,170,70.667,170.72,1.0,1,1.0,-1.0,-1.0,-1.0
267,26,0,160,218.01,213.69,1.0,1,0.6530052302152105,-1.0,-1.0,-1.0
267,27,90,161,76.5,213.4,1.0,1,0.0,-1.0,-1.0,-1.0
268,24,390,177,43.8,106.18,1.0,1,1.0,-1.0,-1.0,-1.0
268,29,974,148,91.445,169.55,1.0,1,0.8901098901098901,-1.0,-1.0,-1.0
268,28,911,143,72.814,178.62,1.0,1,1.0,-1.0,-1.0,-1.0
268,41,280,169,83.587,191.17,1.0,1,1.0,-1.0,-1.0,-1.0
268,26,0,156,148.73,217.84,1.0,1,0.19247583276891816,-1.0,-1.0,-1.0
268,27,27,159,135.32,215.41,1.0,1,0.0962962962962963,-1.0,-1.0,-1.0
269,24,380,175,46.667,110.92,1.0,1,1.0,-1.0,-1.0,-1.0
269,29,1012,145,100.0,187.29,1.0,1,0.89,-1.0,-1.0,-1.0
269,28,940,138,83.0,197.79,1.0,1,1.0,-1.0,-1.0,-1.0
269,27,0,156,102.4,218.07,1.0,1,1.0,-1.0,-1.0,-1.0
269,41,243,168,87.333,206.44,1.0,1,1.0,-1.0,-1.0,-1.0
270,24,374,175,46.148,116.18,1.0,1,1.0,-1.0,-1.0,-1.0
270,29,1066,141,117.44,209.19,1.0,1,0.9145299145299145,-1.0,-1.0,-1.0
270,28,985,134,91.086,221.28,1.0,1,1.0,-1.0,-1.0,-1.0
270,41,198,166,119.12,208.12,1.0,1,1.0,-1.0,-1.0,-1.0
271,24,364,175,46.667,121.94,1.0,1,1.0,-1.0,-1.0,-1.0
271,28,1032,128,86.0,245.61,1.0,1,0.8319625638116847,-1.0,-1.0,-1.0
271,29,1103,137,118.33,236.6,1.0,1,0.8728813559322034,-1.0,-1.0,-1.0
271,41,123,164,129.67,210.09,1.0,1,1.0,-1.0,-1.0,-1.0
272,24,350,175,56.232,128.28,1.0,1,1.0,-1.0,-1.0,-1.0
272,28,1061,122,180.28,252.17,1.0,1,0.5608465608465608,-1.0,-1.0,-1.0
272,29,1158,134,83.423,239.57,1.0,1,0.0,-1.0,-1.0,-1.0
272,41,7,161,222.51,212.96,1.0,1,1.0,-1.0,-1.0,-1.0
273,30,446,178,17.0,57.044,0.0,1,1.0,-1.0,-1.0,-1.0
273,24,336,177,60.0,135.43,1.0,1,1.0,-1.0,-1.0,-1.0
273,28,1130,116,111.32,257.74,1.0,1,1.0,-1.0,-1.0,-1.0
273,41,0,164,160.44,210.01,1.0,1,1.0,-1.0,-1.0,-1.0
274,30,443,179,18.976,58.851,0.0,1,1.0,-1.0,-1.0,-1.0
274,24,330,178,59.586,143.43,1.0,1,1.0,-1.0,-1.0,-1.0
274,28,1222,118,19.03,255.53,1.0,1,1.0,-1.0,-1.0,-1.0
275,31,421,176,23.0,64.403,1.0,1,0.8797554347826086,-1.0,-1.0,-1.0
275,30,441,181,20.333,60.84,1.0,1,1.0,-1.0,-1.0,-1.0
275,24,322,180,56.333,152.43,1.0,1,1.0,-1.0,-1.0,-1.0
276,31,419,178,24.236,66.625,1.0,1,0.8843283582089553,-1.0,-1.0,-1.0
276,30,440,183,21.725,62.987,1.0,1,1.0,-1.0,-1.0,-1.0
276,24,302,184,64.183,164.24,1.0,1,1.0,-1.0,-1.0,-1.0
277,30,438,181,22.333,65.149,1.0,1,0.8181818181818182,-1.0,-1.0,-1.0
277,31,417,177,24.667,69.069,1.0,1,0.8492753623188406,-1.0,-1.0,-1.0
277,24,278,181,68.333,175.31,1.0,1,1.0,-1.0,-1.0,-1.0
278,32,633,175,26.397,58.906,0.0,1,1.0,-1.0,-1.0,-1.0
278,30,435,179,25.297,67.464,1.0,1,0.88,-1.0,-1.0,-1.0
278,31,414,174,24.308,71.665,1.0,1,0.8836805555555556,-1.0,-1.0,-1.0
278,24,253,179,87.225,188.05,1.0,1,1.0,-1.0,-1.0,-1.0
279,32,644,172,18.667,60.532,1.0,1,1.0,-1.0,-1.0,-1.0
279,31,411,172,23.0,74.464,1.0,1,0.8801410105757932,-1.0,-1.0,-1.0
279,30,431,178,27.333,70.015,1.0,1,1.0,-1.0,-1.0,-1.0
279,24,213,174,100.67,199.73,1.0,1,1.0,-1.0,-1.0,-1.0
280,32,648,171,19.615,62.555,1.0,1,1.0,-1.0,-1.0,-1.0
280,31,407,171,25.148,77.507,1.0,1,0.8892307692307693,-1.0,-1.0,-1.0
280,30,429,177,26.649,72.921,1.0,1,1.0,-1.0,-1.0,-1.0
280,24,183,175,115.88,198.65,1.0,1,1.0,-1.0,-1.0,-1.0
281,32,654,171,20.0,64.813,1.0,1,1.0,-1.0,-1.0,-1.0
281,31,401,170,26.333,80.809,1.0,1,1.0,-1.0,-1.0,-1.0
281,30,427,177,24.667,76.119,1.0,1,1.0,-1.0,-1.0,-1.0
281,24,146,176,110.33,198.46,1.0,1,1.0,-1.0,-1.0,-1.0
282,32,660,173,20.711,67.138,1.0,1,1.0,-1.0,-1.0,-1.0
282,31,396,172,28.284,84.382,1.0,1,0.9668367346938775,-1.0,-1.0,-1.0
282,30,423,178,27.067,79.793,1.0,1,1.0,-1.0,-1.0,-1.0
282,24,59,176,180.63,198.22,1.0,1,1.0,-1.0,-1.0,-1.0
283,32,667,174,21.0,69.643,1.0,1,1.0,-1.0,-1.0,-1.0
283,31,390,174,29.0,88.287,1.0,1,0.9357366771159875,-1.0,-1.0,-1.0
283,30,417,180,28.333,83.876,1.0,1,1.0,-1.0,-1.0,-1.0
283,42,1145,172,62.0,129.58,1.0,1,1.0,-1.0,-1.0,-1.0
283,24,0,176,202.66,197.91,1.0,1,1.0,-1.0,-1.0,-1.0
284,32,672,173,23.608,72.477,1.0,1,1.0,-1.0,-1.0,-1.0
284,31,383,172,32.14,92.875,1.0,1,0.9133064516129032,-1.0,-1.0,-1.0
284,30,412,179,29.884,88.161,1.0,1,1.0,-1.0,-1.0,-1.0
284,42,1173,171,67.698,140.61,1.0,1,1.0,-1.0,-1.0,-1.0
284,24,0,177,155.51,197.49,1.0,1,1.0,-1.0,-1.0,-1.0
285,32,678,172,25.667,75.549,1.0,1,1.0,-1.0,-1.0,-1.0
285,31,375,171,33.667,97.966,1.0,1,0.9453781512605042,-1.0,-1.0,-1.0
285,30,407,178,30.0,92.951,1.0,1,1.0,-1.0,-1.0,-1.0
286,32,684,172,25.243,78.956,1.0,1,1.0,-1.0,-1.0,-1.0
286,31,367,170,36.218,103.65,1.0,1,0.9481837606837606,-1.0,-1.0,-1.0
286,30,401,177,32.529,98.291,1.0,1,1.0,-1.0,-1.0,-1.0
287,32,691,172,24.0,82.684,1.0,1,1.0,-1.0,-1.0,-1.0
287,31,355,168,36.667,110.18,1.0,1,0.9255528255528256,-1.0,-1.0,-1.0
287,30,389,177,33.333,104.71,1.0,1,1.0,-1.0,-1.0,-1.0
288,32,698,171,26.654,86.867,1.0,1,1.0,-1.0,-1.0,-1.0
288,31,340,168,41.852,117.55,1.0,1,0.8910411622276029,-1.0,-1.0,-1.0
288,30,377,178,37.756,112.02,1.0,1,1.0,-1.0,-1.0,-1.0
289,32,705,170,28.0,91.496,1.0,1,1.0,-1.0,-1.0,-1.0
289,31,321,167,44.333,126.23,1.0,1,0.9170274170274171,-1.0,-1.0,-1.0
289,30,361,178,39.667,120.37,1.0,1,1.0,-1.0,-1.0,-1.0
290,34,531,177,20.264,37.067,0.0,1,0.6324324324324324,-1.0,-1.0,-1.0
290,33,543,180,20.403,35.129,0.0,1,1.0,-1.0,-1.0,-1.0
290,32,713,169,30.663,96.644,1.0,1,1.0,-1.0,-1.0,-1.0
290,31,303,165,49.149,136.3,1.0,1,0.8883553421368547,-1.0,-1.0,-1.0
290,30,346,177,46.031,130.08,1.0,1,1.0,-1.0,-1.0,-1.0
291,34,534,176,15.667,37.772,0.0,1,0.8273026315789473,-1.0,-1.0,-1.0
291,33,547,179,14.0,35.817,0.0,1,1.0,-1.0,-1.0,-1.0
291,32,720,168,31.667,102.41,1.0,1,1.0,-1.0,-1.0,-1.0
291,31,280,163,50.0,147.91,1.0,1,0.9452702702702702,-1.0,-1.0,-1.0
291,30,327,176,48.667,141.48,1.0,1,1.0,-1.0,-1.0,-1.0
292,33,547,177,14.622,36.486,0.0,1,0.7333333333333333,-1.0,-1.0,-1.0
292,34,536,175,14.637,38.505,0.0,1,1.0,-1.0,-1.0,-1.0
292,32,730,167,33.703,108.9,1.0,1,1.0,-1.0,-1.0,-1.0
292,31,256,161,54.825,161.67,1.0,1,0.8505050505050505,-1.0,-1.0,-1.0
292,30,302,175,60.11,155.07,1.0,1,1.0,-1.0,-1.0,-1.0
293,33,546,177,15.0,37.134,0.0,1,0.7333333333333333,-1.0,-1.0,-1.0
293,34,537,175,13.333,39.223,0.0,1,0.7080867850098619,-1.0,-1.0,-1.0
293,32,740,166,33.667,116.27,1.0,1,1.0,-1.0,-1.0,-1.0
293,31,225,160,54.333,178.08,1.0,1,0.846441947565543,-1.0,-1.0,-1.0
293,30,270,174,66.0,171.56,1.0,1,1.0,-1.0,-1.0,-1.0
294,34,536,174,13.943,39.968,0.0,1,0.8017857142857143,-1.0,-1.0,-1.0
294,33,547,177,13.79,37.805,0.0,1,1.0,-1.0,-1.0,-1.0
294,32,753,164,38.236,124.7,1.0,1,1.0,-1.0,-1.0,-1.0
294,31,189,158,66.733,198.21,1.0,1,0.7393336348560229,-1.0,-1.0,-1.0
294,30,237,174,75.1,191.63,1.0,1,1.0,-1.0,-1.0,-1.0
295,34,535,174,14.333,40.786,0.0,1,0.9337979094076655,-1.0,-1.0,-1.0
295,33,548,177,12.333,38.596,0.0,1,1.0,-1.0,-1.0,-1.0
295,32,766,162,40.333,134.46,1.0,1,1.0,-1.0,-1.0,-1.0
295,30,191,174,74.667,200.49,1.0,1,0.7466666666666667,-1.0,-1.0,-1.0
295,31,138,157,72.0,217.21,1.0,1,0.756784434203789,-1.0,-1.0,-1.0
296,33,548,177,14.458,39.42,0.0,1,0.8571428571428571,-1.0,-1.0,-1.0
296,34,534,174,15.632,41.638,0.0,1,0.8839285714285714,-1.0,-1.0,-1.0
296,32,782,161,46.209,145.92,1.0,1,1.0,-1.0,-1.0,-1.0
296,30,110,173,140.59,200.73,1.0,1,0.48936170212765956,-1.0,-1.0,-1.0
296,31,46,155,135.85,219.09,1.0,1,0.5141015310233682,-1.0,-1.0,-1.0
297,34,533,173,16.667,42.483,0.0,1,0.8361344537815126,-1.0,-1.0,-1.0
297,33,547,176,16.333,40.237,0.0,1,1.0,-1.0,-1.0,-1.0
297,32,800,160,49.333,159.51,1.0,1,1.0,-1.0,-1.0,-1.0
297,30,24,173,173.33,201.06,1.0,1,0.4393063583815029,-1.0,-1.0,-1.0
297,31,0,152,121.4,221.6,1.0,1,0.27417913781550146,-1.0,-1.0,-1.0
298,33,548,174,16.662,41.089,0.0,1,1.0,-1.0,-1.0,-1.0
298,34,532,172,16.483,43.364,0.0,1,1.0,-1.0,-1.0,-1.0
298,32,822,158,53.277,175.89,1.0,1,1.0,-1.0,-1.0,-1.0
298,30,0,172,125.15,201.53,1.0,1,1.0,-1.0,-1.0,-1.0
299,34,531,172,16.0,44.439,0.0,1,1.0,-1.0,-1.0,-1.0
299,33,547,175,16.667,42.017,0.0,1,1.0,-1.0,-1.0,-1.0
299,32,846,157,53.333,196.8,1.0,1,1.0,-1.0,-1.0,-1.0
300,33,546,176,16.843,42.989,0.0,1,0.9411764705882353,-1.0,-1.0,-1.0
300,34,530,173,17.347,45.569,0.0,1,0.9450127877237852,-1.0,-1.0,-1.0
300,32,876,155,64.588,219.39,1.0,1,1.0,-1.0,-1.0,-1.0
301,34,528,173,18.333,46.633,0.0,1,0.8983451536643026,-1.0,-1.0,-1.0
301,33,544,177,16.667,44.022,0.0,1,1.0,-1.0,-1.0,-1.0
301,32,911,152,70.667,221.88,1.0,1,1.0,-1.0,-1.0,-1.0
302,34,526,174,17.826,47.748,0.0,1,0.8472222222222222,-1.0,-1.0,-1.0
302,33,541,178,18.524,45.106,0.0,1,1.0,-1.0,-1.0,-1.0
302,32,945,149,103.83,225.23,1.0,1,1.0,-1.0,-1.0,-1.0
303,34,524,174,17.0,48.917,0.0,1,0.8919567827130852,-1.0,-1.0,-1.0
303,33,539,178,20.0,46.201,0.0,1,1.0,-1.0,-1.0,-1.0
303,32,1012,144,123.78,229.94,1.0,1,1.0,-1.0,-1.0,-1.0
304,36,619,169,16.015,37.849,0.0,1,0.7631578947368421,-1.0,-1.0,-1.0
304,37,631,171,16.966,38.231,0.0,1,1.0,-1.0,-1.0,-1.0
304,34,522,174,16.989,50.153,0.0,1,0.8917647058823529,-1.0,-1.0,-1.0
304,33,537,178,17.57,47.351,0.0,1,1.0,-1.0,-1.0,-1.0
304,32,1104,138,136.85,236.17,1.0,1,1.0,-1.0,-1.0,-1.0
305,36,632,169,6.6667,38.658,0.0,1,0.8608058608058609,-1.0,-1.0,-1.0
305,37,638,170,13.0,39.1,0.0,1,1.0,-1.0,-1.0,-1.0
305,34,520,173,16.667,51.453,0.0,1,0.9457900807381776,-1.0,-1.0,-1.0
305,33,536,177,14.667,48.56,0.0,1,1.0,-1.0,-1.0,-1.0
305,32,1230,138,10.941,235.63,1.0,1,1.0,-1.0,-1.0,-1.0
306,36,630,169,11.078,39.503,0.0,1,1.0,-1.0,-1.0,-1.0
306,37,641,170,13.168,40.01,0.0,1,1.0,-1.0,-1.0,-1.0
306,34,516,173,18.66,52.822,0.0,1,1.0,-1.0,-1.0,-1.0
306,33,535,177,16.349,49.833,0.0,1,1.0,-1.0,-1.0,-1.0
307,36,627,168,15.333,40.386,0.0,1,1.0,-1.0,-1.0,-1.0
307,37,645,170,13.0,40.962,0.0,1,1.0,-1.0,-1.0,-1.0
307,34,512,172,20.333,54.266,0.0,1,1.0,-1.0,-1.0,-1.0
307,33,533,177,17.667,51.175,0.0,1,1.0,-1.0,-1.0,-1.0
308,36,629,168,15.023,41.309,0.0,1,1.0,-1.0,-1.0,-1.0
308,37,649,170,13.511,41.962,0.0,1,1.0,-1.0,-1.0,-1.0
308,34,510,172,21.141,55.796,0.0,1,1.0,-1.0,-1.0,-1.0
308,33,532,176,19.764,52.591,0.0,1,1.0,-1.0,-1.0,-1.0
309,36,632,167,14.333,42.275,0.0,1,1.0,-1.0,-1.0,-1.0
309,37,653,170,13.667,43.011,0.0,1,1.0,-1.0,-1.0,-1.0
309,33,531,175,21.667,54.088,0.0,1,1.0,-1.0,-1.0,-1.0
309,34,507,172,21.667,57.413,0.0,1,1.0,-1.0,-1.0,-1.0
310,36,634,168,15.561,43.514,0.0,1,1.0,-1.0,-1.0,-1.0
310,37,656,169,13.697,44.165,0.0,1,1.0,-1.0,-1.0,-1.0
310,34,504,173,21.976,59.101,1.0,1,1.0,-1.0,-1.0,-1.0
310,33,526,177,21.937,55.719,0.0,1,1.0,-1.0,-1.0,-1.0
311,37,658,169,13.333,45.383,0.0,1,1.0,-1.0,-1.0,-1.0
311,36,637,170,16.333,44.827,0.0,1,1.0,-1.0,-1.0,-1.0
311,33,521,178,22.0,57.447,0.0,1,0.9090909090909091,-1.0,-1.0,-1.0
311,34,501,175,22.0,60.889,1.0,1,1.0,-1.0,-1.0,-1.0
311,35,880,168,41.0,83.548,1.0,1,1.0,-1.0,-1.0,-1.0
312,37,660,169,16.538,46.67,0.0,1,1.0,-1.0,-1.0,-1.0
312,36,640,171,17.778,46.221,0.0,1,1.0,-1.0,-1.0,-1.0
312,33,518,178,21.921,59.233,1.0,1,0.8181818181818182,-1.0,-1.0,-1.0
312,34,499,176,22.647,62.788,1.0,1,1.0,-1.0,-1.0,-1.0
312,35,895,167,47.042,87.965,1.0,1,1.0,-1.0,-1.0,-1.0
313,37,663,168,19.333,48.032,0.0,1,1.0,-1.0,-1.0,-1.0
313,36,642,170,18.667,47.525,0.0,1,1.0,-1.0,-1.0,-1.0
313,33,514,177,21.667,61.132,1.0,1,0.7727272727272727,-1.0,-1.0,-1.0
313,34,496,174,23.0,64.759,1.0,1,1.0,-1.0,-1.0,-1.0
313,35,911,165,50.333,92.875,1.0,1,1.0,-1.0,-1.0,-1.0
314,37,667,168,19.651,49.476,0.0,1,1.0,-1.0,-1.0,-1.0
314,36,645,169,18.459,48.904,0.0,1,1.0,-1.0,-1.0,-1.0
314,33,515,176,20.806,63.095,1.0,1,1.0,-1.0,-1.0,-1.0
314,34,492,172,22.562,66.858,1.0,1,1.0,-1.0,-1.0,-1.0
314,35,930,164,54.417,98.365,1.0,1,1.0,-1.0,-1.0,-1.0
315,36,649,166,17.667,50.316,0.0,1,1.0,-1.0,-1.0,-1.0
315,37,670,166,19.333,50.965,0.0,1,1.0,-1.0,-1.0,-1.0
315,34,489,170,22.667,69.098,1.0,1,1.0,-1.0,-1.0,-1.0
315,33,517,175,19.333,65.148,1.0,1,1.0,-1.0,-1.0,-1.0
315,35,949,162,54.667,104.55,1.0,1,1.0,-1.0,-1.0,-1.0
316,36,653,164,18.227,51.81,0.0,1,1.0,-1.0,-1.0,-1.0
316,37,676,164,18.45,52.545,0.0,1,1.0,-1.0,-1.0,-1.0
316,34,485,169,24.096,71.463,1.0,1,1.0,-1.0,-1.0,-1.0
316,33,509,174,23.462,67.338,1.0,1,1.0,-1.0,-1.0,-1.0
316,35,979,159,57.736,111.55,1.0,1,1.0,-1.0,-1.0,-1.0
317,37,681,162,16.667,54.224,0.0,1,1.0,-1.0,-1.0,-1.0
317,36,655,164,18.0,53.424,0.0,1,1.0,-1.0,-1.0,-1.0
317,33,500,172,27.0,69.681,1.0,1,0.8518518518518519,-1.0,-1.0,-1.0
317,34,480,168,24.333,73.995,1.0,1,0.8423423423423423,-1.0,-1.0,-1.0
317,35,1010,157,56.0,119.57,1.0,1,1.0,-1.0,-1.0,-1.0
318,36,659,164,18.908,55.143,0.0,1,1.0,-1.0,-1.0,-1.0
318,37,685,163,17.729,56.047,0.0,1,1.0,-1.0,-1.0,-1.0
318,33,497,173,28.938,72.243,1.0,1,0.9310344827586207,-1.0,-1.0,-1.0
318,34,474,169,25.218,76.755,1.0,1,1.0,-1.0,-1.0,-1.0
318,35,1041,156,60.317,128.62,1.0,1,1.0,-1.0,-1.0,-1.0
319,36,662,165,19.0,56.974,0.0,1,1.0,-1.0,-1.0,-1.0
319,37,689,164,18.0,57.997,0.0,1,1.0,-1.0,-1.0,-1.0
319,34,468,169,26.333,79.724,1.0,1,1.0,-1.0,-1.0,-1.0
319,33,494,175,30.0,75.001,1.0,1,1.0,-1.0,-1.0,-1.0
319,35,1075,155,59.0,139.16,1.0,1,1.0,-1.0,-1.0,-1.0
320,36,667,166,20.62,58.931,0.0,1,1.0,-1.0,-1.0,-1.0
320,37,694,166,20.105,60.09,1.0,1,1.0,-1.0,-1.0,-1.0
320,33,491,176,30.019,77.977,1.0,1,0.9666666666666667,-1.0,-1.0,-1.0
320,34,464,172,27.83,82.886,1.0,1,1.0,-1.0,-1.0,-1.0
320,35,1115,154,74.789,151.9,1.0,1,1.0,-1.0,-1.0,-1.0
321,36,671,166,21.333,61.014,1.0,1,1.0,-1.0,-1.0,-1.0
321,37,700,166,21.333,62.334,1.0,1,1.0,-1.0,-1.0,-1.0
321,33,486,177,29.0,81.199,1.0,1,0.9655172413793104,-1.0,-1.0,-1.0
321,34,457,173,29.667,86.35,1.0,1,1.0,-1.0,-1.0,-1.0
321,35,1152,153,83.333,167.21,1.0,1,1.0,-1.0,-1.0,-1.0
322,36,675,165,22.865,63.249,1.0,1,1.0,-1.0,-1.0,-1.0
322,37,706,164,24.04,64.704,1.0,1,1.0,-1.0,-1.0,-1.0
322,33,482,176,27.76,84.41,1.0,1,1.0,-1.0,-1.0,-1.0
322,34,451,171,30.61,90.067,1.0,1,1.0,-1.0,-1.0,-1.0
322,35,1184,150,56.56,177.31,1.0,1,1.0,-1.0,-1.0,-1.0
323,37,712,162,25.667,67.091,1.0,1,1.0,-1.0,-1.0,-1.0
323,36,679,164,23.333,65.611,1.0,1,1.0,-1.0,-1.0,-1.0
323,33,476,174,25.667,87.888,1.0,1,0.9615384615384616,-1.0,-1.0,-1.0
323,34,446,171,31.333,93.855,1.0,1,1.0,-1.0,-1.0,-1.0
324,36,685,162,26.354,68.156,1.0,1,1.0,-1.0,-1.0,-1.0
324,37,720,160,25.888,69.662,1.0,1,1.0,-1.0,-1.0,-1.0
324,33,472,175,30.912,91.668,1.0,1,0.967741935483871,-1.0,-1.0,-1.0
324,34,441,170,32.142,97.976,1.0,1,1.0,-1.0,-1.0,-1.0
325,36,691,162,28.333,70.907,1.0,1,1.0,-1.0,-1.0,-1.0
325,37,726,160,25.0,72.513,1.0,1,1.0,-1.0,-1.0,-1.0
325,33,466,175,35.333,95.787,1.0,1,0.9714285714285714,-1.0,-1.0,-1.0
325,34,435,169,32.0,102.47,1.0,1,0.9705882352941176,-1.0,-1.0,-1.0
326,36,697,162,30.866,73.89,1.0,1,1.0,-1.0,-1.0,-1.0
326,37,734,161,28.087,75.608,1.0,1,1.0,-1.0,-1.0,-1.0
326,38,389,168,35.274,70.415,1.0,1,1.0,-1.0,-1.0,-1.0
326,33,461,176,36.263,100.35,1.0,1,1.0,-1.0,-1.0,-1.0
326,34,427,170,34.163,107.63,1.0,1,1.0,-1.0,-1.0,-1.0
327,36,702,163,32.0,77.162,1.0,1,1.0,-1.0,-1.0,-1.0
327,37,742,161,30.0,78.979,1.0,1,1.0,-1.0,-1.0,-1.0
327,38,384,168,29.333,73.272,1.0,1,1.0,-1.0,-1.0,-1.0
327,33,454,176,36.0,105.37,1.0,1,1.0,-1.0,-1.0,-1.0
327,34,419,171,34.667,113.34,1.0,1,1.0,-1.0,-1.0,-1.0
328,36,709,162,33.286,80.531,1.0,1,1.0,-1.0,-1.0,-1.0
328,37,748,160,29.605,82.674,1.0,1,1.0,-1.0,-1.0,-1.0
328,38,374,169,31.012,76.371,1.0,1,1.0,-1.0,-1.0,-1.0
328,33,445,177,39.988,110.92,1.0,1,0.95,-1.0,-1.0,-1.0
328,34,407,172,40.008,119.69,1.0,1,1.0,-1.0,-1.0,-1.0
329,36,715,161,33.0,84.207,1.0,1,1.0,-1.0,-1.0,-1.0
329,37,754,159,27.667,86.731,1.0,1,1.0,-1.0,-1.0,-1.0
329,38,363,170,31.333,79.744,1.0,1,0.9044354838709677,-1.0,-1.0,-1.0
329,33,435,177,42.667,117.06,1.0,1,1.0,-1.0,-1.0,-1.0
329,34,391,171,43.333,126.23,1.0,1,1.0,-1.0,-1.0,-1.0
330,36,720,160,36.553,88.265,1.0,1,1.0,-1.0,-1.0,-1.0
330,37,761,157,30.675,90.69,1.0,1,1.0,-1.0,-1.0,-1.0
330,38,351,169,32.475,83.422,1.0,1,0.9085090361445783,-1.0,-1.0,-1.0
330,33,424,178,45.633,124.07,1.0,1,0.9130434782608695,-1.0,-1.0,-1.0
330,34,380,171,48.47,133.53,1.0,1,1.0,-1.0,-1.0,-1.0
331,37,767,157,32.333,95.079,1.0,1,1.0,-1.0,-1.0,-1.0
331,36,725,160,38.333,92.768,1.0,1,1.0,-1.0,-1.0,-1.0
331,38,338,168,32.0,87.456,1.0,1,0.8455459770114943,-1.0,-1.0,-1.0
331,33,412,178,47.0,131.98,1.0,1,0.9574468085106383,-1.0,-1.0,-1.0
331,34,365,169,49.0,141.17,1.0,1,0.9617889709075119,-1.0,-1.0,-1.0
332,37,775,157,41.047,99.915,1.0,1,1.0,-1.0,-1.0,-1.0
332,36,733,160,39.143,97.757,1.0,1,1.0,-1.0,-1.0,-1.0
332,38,322,169,33.262,91.966,1.0,1,0.7628458498023716,-1.0,-1.0,-1.0
332,33,396,178,50.871,139.93,1.0,1,0.8823529411764706,-1.0,-1.0,-1.0
332,34,347,171,55.224,149.76,1.0,1,1.0,-1.0,-1.0,-1.0
333,37,782,157,48.0,105.27,1.0,1,1.0,-1.0,-1.0,-1.0
333,36,739,160,37.667,102.8,1.0,1,1.0,-1.0,-1.0,-1.0
333,38,305,169,32.667,96.967,1.0,1,0.6513589503280225,-1.0,-1.0,-1.0
333,33,377,178,52.0,148.88,1.0,1,0.9038461538461539,-1.0,-1.0,-1.0
333,34,326,173,56.333,159.46,1.0,1,1.0,-1.0,-1.0,-1.0
334,36,747,159,39.634,108.4,1.0,1,1.0,-1.0,-1.0,-1.0
334,37,793,156,44.728,111.22,1.0,1,1.0,-1.0,-1.0,-1.0
334,38,290,169,33.068,102.54,1.0,1,0.470432480141218,-1.0,-1.0,-1.0
334,33,358,178,56.028,159.04,1.0,1,0.8214285714285714,-1.0,-1.0,-1.0
334,34,305,172,62.942,170.23,1.0,1,1.0,-1.0,-1.0,-1.0
335,37,806,154,38.5,117.8,1.0,1,1.0,-1.0,-1.0,-1.0
335,36,754,158,39.333,114.64,1.0,1,1.0,-1.0,-1.0,-1.0
335,38,273,168,31.333,108.29,1.0,1,0.24014336917562723,-1.0,-1.0,-1.0
335,33,337,180,53.0,170.9,1.0,1,0.8679245283018868,-1.0,-1.0,-1.0
335,34,280,170,63.667,182.55,1.0,1,1.0,-1.0,-1.0,-1.0
336,37,819,151,44.716,124.79,1.0,1,1.0,-1.0,-1.0,-1.0
336,36,762,157,45.507,121.64,1.0,1,1.0,-1.0,-1.0,-1.0
336,38,250,168,49.07,114.72,1.0,1,0.10559006211180125,-1.0,-1.0,-1.0
336,33,314,182,61.97,184.68,1.0,1,0.8064516129032258,-1.0,-1.0,-1.0
336,34,254,171,71.903,196.78,1.0,1,1.0,-1.0,-1.0,-1.0
337,37,831,148,48.333,132.66,1.0,1,1.0,-1.0,-1.0,-1.0
337,36,770,153,49.0,129.44,1.0,1,1.0,-1.0,-1.0,-1.0
337,38,220,166,64.667,122.1,1.0,1,0.07187894073139975,-1.0,-1.0,-1.0
337,33,285,180,66.0,193.7,1.0,1,0.8636363636363636,-1.0,-1.0,-1.0
337,34,221,173,72.667,201.03,1.0,1,0.8810059292578205,-1.0,-1.0,-1.0
338,37,849,145,53.37,141.62,1.0,1,1.0,-1.0,-1.0,-1.0
338,36,785,151,53.609,138.37,1.0,1,1.0,-1.0,-1.0,-1.0
338,38,187,164,68.703,130.37,1.0,1,0.046153846153846156,-1.0,-1.0,-1.0
338,33,248,178,74.793,195.72,1.0,1,0.72,-1.0,-1.0,-1.0
338,34,182,170,86.653,203.59,1.0,1,0.7680865449628127,-1.0,-1.0,-1.0
339,37,868,143,54.667,151.88,1.0,1,1.0,-1.0,-1.0,-1.0
339,36,800,148,54.333,148.62,1.0,1,1.0,-1.0,-1.0,-1.0
339,38,150,162,67.667,139.84,1.0,1,0.03571428571428571,-1.0,-1.0,-1.0
339,33,200,176,74.333,198.12,1.0,1,0.7027027027027027,-1.0,-1.0,-1.0
339,34,131,167,91.0,206.65,1.0,1,0.7687529861442904,-1.0,-1.0,-1.0
340,37,870,140,91.898,163.79,1.0,1,0.873541887592789,-1.0,-1.0,-1.0
340,36,795,145,87.078,160.52,1.0,1,1.0,-1.0,-1.0,-1.0
340,33,131,173,148.73,201.04,1.0,1,0.4697986577181208,-1.0,-1.0,-1.0
340,34,46,164,163.59,210.39,1.0,1,0.5389372822299652,-1.0,-1.0,-1.0
