1,8,545,143,14.667,47.346,0.0,1,0.2,-1.0,-1.0,-1.0
1,7,526,138,15.667,53.861,0.0,1,0.018518518518518517,-1.0,-1.0,-1.0
1,9,569,146,12.667,45.613,0.0,1,1.0,-1.0,-1.0,-1.0
1,6,485,145,16.667,55.039,0.0,1,0.0,-1.0,-1.0,-1.0
1,1,466,139,91.0,193.68,1.0,1,0.6804123711340206,-1.0,-1.0,-1.0
1,2,389,151,108.0,209.03,1.0,1,1.0,-1.0,-1.0,-1.0
2,7,526,137,16.618,53.825,0.0,1,0.037037037037037035,-1.0,-1.0,-1.0
2,8,545,143,13.674,47.638,0.0,1,0.0,-1.0,-1.0,-1.0
2,9,567,145,12.913,45.826,0.0,1,1.0,-1.0,-1.0,-1.0
2,6,486,145,18.431,55.462,0.0,1,0.0,-1.0,-1.0,-1.0
2,1,483,139,82.631,196.02,1.0,1,0.7827637078927957,-1.0,-1.0,-1.0
2,2,403,149,99.134,210.87,1.0,1,1.0,-1.0,-1.0,-1.0
3,7,526,137,17.667,54.282,0.0,1,0.05555555555555555,-1.0,-1.0,-1.0
3,8,544,143,12.667,47.927,0.0,1,0.0,-1.0,-1.0,-1.0
3,9,567,145,12.667,46.1,0.0,1,0.5384615384615384,-1.0,-1.0,-1.0
3,6,487,146,20.0,55.891,0.0,1,0.023214285714285715,-1.0,-1.0,-1.0
3,1,500,140,73.333,198.42,1.0,1,0.8816936488169365,-1.0,-1.0,-1.0
3,2,419,148,89.667,213.21,1.0,1,1.0,-1.0,-1.0,-1.0
4,8,548,143,10.873,48.223,0.0,1,0.0,-1.0,-1.0,-1.0
4,9,567,145,13.18,46.377,0.0,1,0.0,-1.0,-1.0,-1.0
4,7,526,137,16.502,54.747,0.0,1,0.05454545454545454,-1.0,-1.0,-1.0
4,6,488,146,20.618,56.328,0.0,1,0.017857142857142856,-1.0,-1.0,-1.0
4,1,511,140,75.734,200.87,1.0,1,0.8476040848389631,-1.0,-1.0,-1.0
4,2,434,147,89.444,215.59,1.0,1,1.0,-1.0,-1.0,-1.0
5,7,526,137,15.0,55.22,0.0,1,0.05454545454545454,-1.0,-1.0,-1.0
5,8,551,143,9.0,48.522,0.0,1,0.0,-1.0,-1.0,-1.0
5,9,566,145,13.667,46.658,0.0,1,0.0,-1.0,-1.0,-1.0
5,6,489,146,21.0,56.771,0.0,1,0.017543859649122806,-1.0,-1.0,-1.0
5,1,522,140,77.333,203.38,1.0,1,0.786833855799373,-1.0,-1.0,-1.0
5,2,450,147,88.667,218.02,1.0,1,1.0,-1.0,-1.0,-1.0
6,8,547,142,12.046,48.825,0.0,1,0.0,-1.0,-1.0,-1.0
6,9,569,145,13.598,46.942,0.0,1,0.0,-1.0,-1.0,-1.0
6,7,523,137,15.141,55.7,0.0,1,0.13690476190476192,-1.0,-1.0,-1.0
6,6,490,146,19.791,57.221,0.0,1,0.07017543859649122,-1.0,-1.0,-1.0
6,1,530,140,78.618,205.96,1.0,1,0.6868624800294949,-1.0,-1.0,-1.0
6,2,457,150,99.41,218.59,1.0,1,1.0,-1.0,-1.0,-1.0
7,8,543,142,15.0,49.132,0.0,1,0.0,-1.0,-1.0,-1.0
7,9,571,145,13.5,47.23,0.0,1,0.0,-1.0,-1.0,-1.0
7,7,519,137,15.0,56.189,0.0,1,0.30357142857142855,-1.0,-1.0,-1.0
7,6,492,146,18.333,57.678,0.0,1,0.13793103448275862,-1.0,-1.0,-1.0
7,1,538,141,79.0,207.17,1.0,1,0.5729223995597138,-1.0,-1.0,-1.0
7,2,464,154,109.67,214.68,1.0,1,1.0,-1.0,-1.0,-1.0
8,8,543,142,16.788,49.461,0.0,1,0.2112845138055222,-1.0,-1.0,-1.0
8,9,570,145,12.843,47.482,0.0,1,0.0,-1.0,-1.0,-1.0
8,7,520,137,16.169,56.461,0.0,1,0.2857142857142857,-1.0,-1.0,-1.0
8,6,494,146,18.993,58.044,0.0,1,0.1206896551724138,-1.0,-1.0,-1.0
8,1,559,142,67.94,208.4,1.0,1,0.7353648190045249,-1.0,-1.0,-1.0
8,2,486,153,91.999,216.48,1.0,1,1.0,-1.0,-1.0,-1.0
9,8,543,143,18.333,49.796,0.0,1,0.16,-1.0,-1.0,-1.0
9,9,568,145,12.0,47.737,0.0,1,0.125,-1.0,-1.0,-1.0
9,7,522,137,17.667,56.735,0.0,1,0.24561403508771928,-1.0,-1.0,-1.0
9,6,496,146,19.667,58.416,0.0,1,0.6801724137931034,-1.0,-1.0,-1.0
9,3,220,143,58.667,167.36,1.0,1,1.0,-1.0,-1.0,-1.0
9,1,581,142,56.333,209.65,1.0,1,0.9829081632653062,-1.0,-1.0,-1.0
9,2,509,151,73.0,218.33,1.0,1,1.0,-1.0,-1.0,-1.0
10,8,543,143,18.145,50.135,0.0,1,0.12,-1.0,-1.0,-1.0
10,9,569,145,15.832,47.995,0.0,1,0.08333333333333333,-1.0,-1.0,-1.0
10,7,521,137,16.611,57.01,0.0,1,0.21052631578947367,-1.0,-1.0,-1.0
10,6,497,146,18.658,58.791,0.0,1,1.0,-1.0,-1.0,-1.0
10,3,228,142,66.577,168.99,1.0,1,1.0,-1.0,-1.0,-1.0
10,1,589,143,74.367,210.91,1.0,1,0.6848981683104906,-1.0,-1.0,-1.0
10,2,520,149,92.614,220.24,1.0,1,1.0,-1.0,-1.0,-1.0
11,8,543,143,17.667,50.478,0.0,1,0.08,-1.0,-1.0,-1.0
11,9,569,145,19.5,48.256,0.0,1,0.041666666666666664,-1.0,-1.0,-1.0
11,7,520,137,16.0,57.288,0.0,1,0.6907894736842105,-1.0,-1.0,-1.0
11,6,498,145,17.667,59.179,1.0,1,1.0,-1.0,-1.0,-1.0
11,3,236,142,74.0,170.65,1.0,1,1.0,-1.0,-1.0,-1.0
11,1,597,144,92.0,212.18,1.0,1,0.52850697292863,-1.0,-1.0,-1.0
11,2,530,147,111.33,222.19,1.0,1,1.0,-1.0,-1.0,-1.0
12,8,543,143,17.136,50.827,0.0,1,0.058823529411764705,-1.0,-1.0,-1.0
12,9,570,145,18.214,48.52,0.0,1,0.02040816326530612,-1.0,-1.0,-1.0
12,7,519,137,16.312,57.568,0.0,1,0.9461206896551724,-1.0,-1.0,-1.0
12,6,501,145,18.824,59.557,1.0,1,1.0,-1.0,-1.0,-1.0
12,3,247,141,69.638,172.34,1.0,1,0.2571428571428571,-1.0,-1.0,-1.0
12,4,186,130,113.18,193.21,1.0,1,1.0,-1.0,-1.0,-1.0
12,1,600,143,85.57,215.25,1.0,1,0.39232017306652245,-1.0,-1.0,-1.0
12,2,543,146,110.39,223.38,1.0,1,1.0,-1.0,-1.0,-1.0
13,8,543,143,16.333,51.187,0.0,1,0.8161764705882353,-1.0,-1.0,-1.0
13,9,571,145,16.667,48.851,0.0,1,0.0,-1.0,-1.0,-1.0
13,7,518,137,16.667,58.032,0.0,1,0.7464503042596349,-1.0,-1.0,-1.0
13,6,503,145,20.0,60.196,1.0,1,1.0,-1.0,-1.0,-1.0
13,3,258,140,64.667,174.06,1.0,1,0.1076923076923077,-1.0,-1.0,-1.0
13,4,237,128,79.333,196.15,1.0,1,1.0,-1.0,-1.0,-1.0
13,1,606,142,78.0,219.26,1.0,1,0.263201030324318,-1.0,-1.0,-1.0
13,2,556,144,108.0,224.61,1.0,1,1.0,-1.0,-1.0,-1.0
14,9,573,145,15.462,49.186,0.0,1,0.2,-1.0,-1.0,-1.0
14,7,519,136,16.902,58.503,0.0,1,0.8005982053838484,-1.0,-1.0,-1.0
14,8,544,143,15.728,51.552,0.0,1,1.0,-1.0,-1.0,-1.0
14,6,504,145,19.18,60.848,1.0,1,1.0,-1.0,-1.0,-1.0
14,3,270,140,67.763,175.82,1.0,1,0.16176470588235295,-1.0,-1.0,-1.0
14,4,252,127,75.031,199.09,1.0,1,1.0,-1.0,-1.0,-1.0
14,1,629,142,75.344,223.41,1.0,1,0.46905829596412557,-1.0,-1.0,-1.0
14,2,576,143,93.398,225.87,1.0,1,1.0,-1.0,-1.0,-1.0
15,7,519,136,17.0,58.982,0.0,1,0.7507477567298105,-1.0,-1.0,-1.0
15,8,544,143,15.0,51.923,0.0,1,1.0,-1.0,-1.0,-1.0
15,9,574,145,14.333,49.526,0.0,1,1.0,-1.0,-1.0,-1.0
15,6,506,145,18.0,61.514,1.0,1,1.0,-1.0,-1.0,-1.0
15,3,283,141,70.333,176.78,1.0,1,0.21428571428571427,-1.0,-1.0,-1.0
15,4,268,125,70.0,202.31,1.0,1,1.0,-1.0,-1.0,-1.0
15,1,652,141,71.333,227.7,1.0,1,0.705522609340252,-1.0,-1.0,-1.0
15,2,596,142,77.333,227.18,1.0,1,0.7272727272727273,-1.0,-1.0,-1.0
16,7,517,135,16.07,59.469,1.0,1,0.4809322033898305,-1.0,-1.0,-1.0
16,8,544,143,15.057,52.299,0.0,1,1.0,-1.0,-1.0,-1.0
16,9,574,145,13.631,49.87,0.0,1,1.0,-1.0,-1.0,-1.0
16,6,508,145,18.829,62.196,1.0,1,1.0,-1.0,-1.0,-1.0
16,3,300,142,64.326,177.75,1.0,1,0.40625,-1.0,-1.0,-1.0
16,4,270,123,67.515,205.54,1.0,1,1.0,-1.0,-1.0,-1.0
16,1,657,140,77.829,228.56,1.0,1,0.5465233456499832,-1.0,-1.0,-1.0
16,2,595,144,98.088,225.27,1.0,1,0.6326530612244898,-1.0,-1.0,-1.0
17,7,515,135,15.0,59.965,1.0,1,0.2222222222222222,-1.0,-1.0,-1.0
17,9,574,145,13.0,50.219,0.0,1,1.0,-1.0,-1.0,-1.0
17,8,544,143,15.0,52.681,0.0,1,1.0,-1.0,-1.0,-1.0
17,6,510,145,19.333,62.892,1.0,1,1.0,-1.0,-1.0,-1.0
17,3,316,143,58.333,178.73,1.0,1,0.6724137931034483,-1.0,-1.0,-1.0
17,4,271,122,64.333,208.77,1.0,1,1.0,-1.0,-1.0,-1.0
17,1,661,140,83.0,229.28,1.0,1,0.40164150049981584,-1.0,-1.0,-1.0
17,2,594,146,118.33,223.34,1.0,1,0.5677966101694916,-1.0,-1.0,-1.0
18,7,517,135,20.4,60.304,1.0,1,0.375,-1.0,-1.0,-1.0
18,8,544,143,16.494,53.005,0.0,1,1.0,-1.0,-1.0,-1.0
18,9,574,146,14.904,50.532,0.0,1,1.0,-1.0,-1.0,-1.0
18,6,511,145,20.626,63.195,1.0,1,1.0,-1.0,-1.0,-1.0
18,3,320,142,80.414,180.1,1.0,1,0.825,-1.0,-1.0,-1.0
18,4,270,123,63.541,210.5,1.0,1,1.0,-1.0,-1.0,-1.0
18,1,674,139,88.663,230.04,1.0,1,0.5141670737664875,-1.0,-1.0,-1.0
18,2,609,148,110.39,221.37,1.0,1,0.5909090909090909,-1.0,-1.0,-1.0
19,7,517,135,21.257,60.646,1.0,1,0.3231850117096019,-1.0,-1.0,-1.0
19,8,544,143,18.0,53.334,0.0,1,1.0,-1.0,-1.0,-1.0
19,9,575,146,16.333,50.849,0.0,1,1.0,-1.0,-1.0,-1.0
19,6,512,145,21.667,63.502,1.0,1,1.0,-1.0,-1.0,-1.0
19,3,323,141,102.33,181.49,1.0,1,0.9215686274509803,-1.0,-1.0,-1.0
19,4,269,123,62.333,212.16,1.0,1,1.0,-1.0,-1.0,-1.0
19,1,686,138,92.667,230.82,1.0,1,0.5453149001536098,-1.0,-1.0,-1.0
19,2,628,147,101.67,221.9,1.0,1,0.5686274509803921,-1.0,-1.0,-1.0
19,5,1073,142,150.3,226.71,1.0,1,1.0,-1.0,-1.0,-1.0
20,7,517,135,22.101,60.992,1.0,1,0.29210134128166915,-1.0,-1.0,-1.0
20,8,545,143,17.491,53.667,0.0,1,1.0,-1.0,-1.0,-1.0
20,9,576,146,16.273,51.17,0.0,1,1.0,-1.0,-1.0,-1.0
20,6,513,146,22.638,63.811,1.0,1,1.0,-1.0,-1.0,-1.0
20,3,333,140,96.0,182.9,1.0,1,0.84375,-1.0,-1.0,-1.0
20,4,275,124,72.509,213.84,1.0,1,1.0,-1.0,-1.0,-1.0
20,1,704,137,82.822,231.64,1.0,1,0.5157872870793518,-1.0,-1.0,-1.0
20,2,651,147,94.675,222.46,1.0,1,0.5578947368421052,-1.0,-1.0,-1.0
20,5,1043,143,180.25,226.32,1.0,1,1.0,-1.0,-1.0,-1.0
21,7,517,136,22.931,61.354,1.0,1,0.23663578047042053,-1.0,-1.0,-1.0
21,8,546,143,17.0,54.003,0.0,1,1.0,-1.0,-1.0,-1.0
21,9,577,146,15.667,51.495,0.0,1,1.0,-1.0,-1.0,-1.0
21,6,515,146,23.333,64.123,1.0,1,1.0,-1.0,-1.0,-1.0
21,3,343,139,89.333,184.33,1.0,1,0.7865168539325843,-1.0,-1.0,-1.0
21,4,280,125,82.333,215.54,1.0,1,1.0,-1.0,-1.0,-1.0
21,1,722,137,71.0,232.48,1.0,1,0.4990893637688198,-1.0,-1.0,-1.0
21,2,673,146,86.0,223.01,1.0,1,0.5697674418604651,-1.0,-1.0,-1.0
21,5,1014,144,208.49,225.31,1.0,1,1.0,-1.0,-1.0,-1.0
22,8,547,143,16.656,54.344,0.0,1,1.0,-1.0,-1.0,-1.0
22,7,517,136,23.745,61.745,1.0,1,0.33602150537634407,-1.0,-1.0,-1.0
22,9,577,146,17.573,51.826,0.0,1,1.0,-1.0,-1.0,-1.0
22,6,515,146,20.98,64.438,1.0,1,1.0,-1.0,-1.0,-1.0
22,3,367,138,79.335,185.79,1.0,1,0.9746835443037974,-1.0,-1.0,-1.0
22,4,295,126,73.545,217.27,1.0,1,1.0,-1.0,-1.0,-1.0
22,1,724,137,91.32,232.5,1.0,1,0.363395225464191,-1.0,-1.0,-1.0
22,2,681,145,103.13,223.65,1.0,1,0.4174757281553398,-1.0,-1.0,-1.0
22,5,988,145,206.05,223.62,1.0,1,1.0,-1.0,-1.0,-1.0
23,7,517,134,23.871,62.188,1.0,1,0.42876344086021506,-1.0,-1.0,-1.0
23,8,546,143,16.333,54.716,0.0,1,1.0,-1.0,-1.0,-1.0
23,9,577,146,19.0,52.174,0.0,1,1.0,-1.0,-1.0,-1.0
23,6,516,146,18.333,65.077,1.0,1,1.0,-1.0,-1.0,-1.0
23,3,391,139,69.0,187.35,1.0,1,1.0,-1.0,-1.0,-1.0
23,4,308,126,64.333,218.75,1.0,1,1.0,-1.0,-1.0,-1.0
23,1,726,137,109.67,232.49,1.0,1,0.29780564263322884,-1.0,-1.0,-1.0
23,2,687,145,118.67,224.31,1.0,1,0.3277310924369748,-1.0,-1.0,-1.0
23,5,970,147,164.33,222.04,1.0,1,1.0,-1.0,-1.0,-1.0
24,7,517,133,23.998,62.637,1.0,1,0.2916666666666667,-1.0,-1.0,-1.0
24,8,546,143,16.776,55.093,0.0,1,1.0,-1.0,-1.0,-1.0
24,9,578,146,18.895,52.526,0.0,1,1.0,-1.0,-1.0,-1.0
24,6,519,145,20.754,65.728,1.0,1,1.0,-1.0,-1.0,-1.0
24,3,397,139,78.848,188.93,1.0,1,1.0,-1.0,-1.0,-1.0
24,4,314,125,72.389,220.24,1.0,1,1.0,-1.0,-1.0,-1.0
24,1,738,137,99.486,232.44,1.0,1,0.07915360501567398,-1.0,-1.0,-1.0
24,2,719,144,112.82,225.0,1.0,1,0.168141592920354,-1.0,-1.0,-1.0
24,5,959,148,132.99,220.57,1.0,1,1.0,-1.0,-1.0,-1.0
25,7,519,133,24.146,63.064,1.0,1,0.25793650793650796,-1.0,-1.0,-1.0
25,8,546,143,17.0,55.475,0.0,1,1.0,-1.0,-1.0,-1.0
25,9,579,145,18.667,52.883,0.0,1,1.0,-1.0,-1.0,-1.0
25,6,521,145,23.0,66.393,1.0,1,1.0,-1.0,-1.0,-1.0
25,3,404,140,88.667,190.54,1.0,1,1.0,-1.0,-1.0,-1.0
25,4,321,125,80.333,221.93,1.0,1,1.0,-1.0,-1.0,-1.0
25,1,750,136,88.667,233.05,1.0,1,0.030042918454935622,-1.0,-1.0,-1.0
25,2,750,143,104.67,225.72,1.0,1,0.1523809523809524,-1.0,-1.0,-1.0
25,5,944,146,109.33,222.86,1.0,1,1.0,-1.0,-1.0,-1.0
26,7,520,134,24.296,63.497,1.0,1,0.2777777777777778,-1.0,-1.0,-1.0
26,9,578,145,19.228,53.245,0.0,1,1.0,-1.0,-1.0,-1.0
26,8,544,143,15.446,55.863,0.0,1,0.8071428571428572,-1.0,-1.0,-1.0
26,6,523,145,23.613,67.072,1.0,1,1.0,-1.0,-1.0,-1.0
26,3,425,140,74.88,192.16,1.0,1,1.0,-1.0,-1.0,-1.0
26,4,328,124,92.728,223.28,1.0,1,1.0,-1.0,-1.0,-1.0
26,1,767,135,107.45,233.68,1.0,1,0.03418803418803419,-1.0,-1.0,-1.0
26,2,752,143,124.4,226.48,1.0,1,0.13709677419354838,-1.0,-1.0,-1.0
26,5,903,144,123.08,224.97,1.0,1,1.0,-1.0,-1.0,-1.0
27,7,522,134,24.45,63.937,1.0,1,0.23828125,-1.0,-1.0,-1.0
27,8,544,143,13.667,56.247,0.0,1,0.7244897959183674,-1.0,-1.0,-1.0
27,9,578,145,19.667,53.612,0.0,1,1.0,-1.0,-1.0,-1.0
27,6,524,145,24.0,67.764,1.0,1,1.0,-1.0,-1.0,-1.0
27,3,447,141,61.0,193.79,1.0,1,1.0,-1.0,-1.0,-1.0
27,4,335,124,105.0,224.83,1.0,1,1.0,-1.0,-1.0,-1.0
27,1,785,135,124.0,234.32,1.0,1,0.03770333609043287,-1.0,-1.0,-1.0
27,2,750,143,142.0,226.47,1.0,1,0.24647887323943662,-1.0,-1.0,-1.0
27,5,870,149,140.67,220.28,1.0,1,0.723404255319149,-1.0,-1.0,-1.0
28,7,522,134,23.94,64.395,1.0,1,0.13346354166666666,-1.0,-1.0,-1.0
28,9,581,145,18.257,53.916,0.0,1,1.0,-1.0,-1.0,-1.0
28,8,544,143,13.336,56.692,0.0,1,0.5546558704453441,-1.0,-1.0,-1.0
28,6,527,145,23.151,68.266,1.0,1,0.7391304347826086,-1.0,-1.0,-1.0
28,3,453,140,80.468,196.47,1.0,1,1.0,-1.0,-1.0,-1.0
28,4,353,124,89.132,227.92,1.0,1,1.0,-1.0,-1.0,-1.0
28,1,814,134,111.48,234.98,1.0,1,0.047498562392179415,-1.0,-1.0,-1.0
28,2,766,143,134.81,226.47,1.0,1,0.35555555555555557,-1.0,-1.0,-1.0
28,5,851,153,123.91,215.78,1.0,1,0.4032258064516129,-1.0,-1.0,-1.0
29,7,524,134,20.5,64.893,1.0,1,0.07692307692307693,-1.0,-1.0,-1.0
29,8,545,143,13.0,57.144,0.0,1,0.0,-1.0,-1.0,-1.0
29,9,583,146,16.667,54.222,0.0,1,1.0,-1.0,-1.0,-1.0
29,6,530,145,22.333,68.776,1.0,1,0.0,-1.0,-1.0,-1.0
29,3,460,139,99.333,199.22,1.0,1,1.0,-1.0,-1.0,-1.0
29,4,370,124,72.333,231.09,1.0,1,1.0,-1.0,-1.0,-1.0
29,1,843,133,95.667,235.66,1.0,1,0.053319209039548024,-1.0,-1.0,-1.0
29,2,783,143,125.33,226.47,1.0,1,0.3488141592920354,-1.0,-1.0,-1.0
29,5,826,151,128.61,218.16,1.0,1,0.12403100775193798,-1.0,-1.0,-1.0
30,7,526,134,17.999,65.405,1.0,1,0.06153846153846154,-1.0,-1.0,-1.0
30,9,585,146,17.244,54.533,0.0,1,1.0,-1.0,-1.0,-1.0
30,8,545,144,14.334,57.603,0.0,1,0.0,-1.0,-1.0,-1.0
30,6,533,145,21.985,69.292,1.0,1,0.0,-1.0,-1.0,-1.0
30,3,468,138,99.379,202.04,1.0,1,1.0,-1.0,-1.0,-1.0
30,4,383,124,76.336,234.36,1.0,1,1.0,-1.0,-1.0,-1.0
30,1,849,133,118.52,236.36,1.0,1,0.0423728813559322,-1.0,-1.0,-1.0
30,2,797,143,171.67,226.46,1.0,1,0.04818378267133155,-1.0,-1.0,-1.0
30,5,802,154,105.93,214.85,1.0,1,0.0,-1.0,-1.0,-1.0
31,7,529,134,16.0,65.923,1.0,1,0.045454545454545456,-1.0,-1.0,-1.0
31,9,586,146,17.667,54.847,0.0,1,1.0,-1.0,-1.0,-1.0
31,8,544,144,15.667,58.069,0.0,1,0.0,-1.0,-1.0,-1.0
31,6,536,146,21.667,69.817,1.0,1,0.0,-1.0,-1.0,-1.0
31,3,476,137,98.333,204.94,1.0,1,1.0,-1.0,-1.0,-1.0
31,4,396,123,79.667,237.72,1.0,1,1.0,-1.0,-1.0,-1.0
31,1,854,132,138.67,237.08,1.0,1,0.07385484017849012,-1.0,-1.0,-1.0
31,2,815,143,174.43,226.46,1.0,1,0.009917607567897467,-1.0,-1.0,-1.0
31,5,780,153,89.667,215.94,1.0,1,0.3888888888888889,-1.0,-1.0,-1.0
32,7,526,134,17.359,66.448,1.0,1,0.030303030303030304,-1.0,-1.0,-1.0
32,9,587,147,18.749,55.164,0.0,1,1.0,-1.0,-1.0,-1.0
32,8,545,144,21.457,58.542,0.0,1,0.0,-1.0,-1.0,-1.0
32,6,539,146,23.984,70.349,1.0,1,0.0,-1.0,-1.0,-1.0
32,3,503,136,81.934,207.93,1.0,1,1.0,-1.0,-1.0,-1.0
32,4,406,123,77.389,241.17,1.0,1,1.0,-1.0,-1.0,-1.0
32,1,882,131,128.59,237.59,1.0,1,0.05042016806722689,-1.0,-1.0,-1.0
32,2,835,143,177.75,226.31,1.0,1,0.14042457989460078,-1.0,-1.0,-1.0
32,5,764,152,95.841,217.29,1.0,1,0.7395833333333334,-1.0,-1.0,-1.0
33,7,525,134,18.667,67.085,1.0,1,0.19560094265514533,-1.0,-1.0,-1.0
33,8,546,144,21.749,58.999,0.0,1,0.0,-1.0,-1.0,-1.0
33,9,588,147,19.667,55.529,0.0,1,0.8,-1.0,-1.0,-1.0
33,6,540,146,26.333,71.122,1.0,1,0.0,-1.0,-1.0,-1.0
33,3,528,137,64.333,210.83,1.0,1,1.0,-1.0,-1.0,-1.0
33,5,750,150,102.0,215.87,1.0,1,1.0,-1.0,-1.0,-1.0
33,4,416,124,74.333,244.49,1.0,1,1.0,-1.0,-1.0,-1.0
33,1,909,131,115.33,238.13,1.0,1,0.05042016806722689,-1.0,-1.0,-1.0
33,2,856,143,181.18,226.16,1.0,1,0.36464088397790057,-1.0,-1.0,-1.0
34,7,525,134,19.756,67.735,1.0,1,0.5698529411764706,-1.0,-1.0,-1.0
34,8,546,144,22.043,59.462,1.0,1,0.0,-1.0,-1.0,-1.0
34,9,589,147,18.908,55.9,0.0,1,0.0,-1.0,-1.0,-1.0
34,6,540,146,25.066,71.912,1.0,1,0.0,-1.0,-1.0,-1.0
34,3,536,137,78.998,213.8,1.0,1,1.0,-1.0,-1.0,-1.0
34,5,724,149,100.55,211.78,1.0,1,1.0,-1.0,-1.0,-1.0
34,1,929,130,106.87,238.68,1.0,1,0.05439330543933055,-1.0,-1.0,-1.0
34,2,877,143,184.75,226.0,1.0,1,0.42162162162162165,-1.0,-1.0,-1.0
34,4,432,124,76.357,245.22,1.0,1,1.0,-1.0,-1.0,-1.0
35,7,525,134,20.667,68.398,1.0,1,0.6603641456582633,-1.0,-1.0,-1.0
35,9,590,146,18.0,56.275,0.0,1,0.0,-1.0,-1.0,-1.0
35,8,547,143,22.342,59.933,1.0,1,0.0,-1.0,-1.0,-1.0
35,6,540,145,23.667,72.719,1.0,1,0.20833333333333334,-1.0,-1.0,-1.0
35,3,545,138,93.0,216.85,1.0,1,1.0,-1.0,-1.0,-1.0
35,5,701,148,101.33,207.72,1.0,1,1.0,-1.0,-1.0,-1.0
35,1,948,130,95.667,239.26,1.0,1,0.05439330543933055,-1.0,-1.0,-1.0
35,2,899,143,188.44,225.83,1.0,1,0.48936170212765956,-1.0,-1.0,-1.0
35,4,449,124,77.667,245.01,1.0,1,1.0,-1.0,-1.0,-1.0
36,7,526,134,19.386,69.074,1.0,1,0.0,-1.0,-1.0,-1.0
36,8,547,143,22.644,60.412,1.0,1,0.005797101449275362,-1.0,-1.0,-1.0
36,9,591,146,20.569,56.655,0.0,1,0.0,-1.0,-1.0,-1.0
36,6,542,145,24.728,73.545,1.0,1,0.16,-1.0,-1.0,-1.0
36,3,557,138,92.202,219.98,1.0,1,1.0,-1.0,-1.0,-1.0
36,5,686,154,103.15,206.22,1.0,1,1.0,-1.0,-1.0,-1.0
36,1,962,128,118.64,240.63,1.0,1,0.06224066390041494,-1.0,-1.0,-1.0
36,2,923,143,192.28,225.65,1.0,1,0.3802083333333333,-1.0,-1.0,-1.0
36,4,456,124,97.214,244.79,1.0,1,1.0,-1.0,-1.0,-1.0
37,9,593,146,23.0,57.041,0.0,1,0.0,-1.0,-1.0,-1.0
37,7,527,134,17.667,69.764,1.0,1,0.0,-1.0,-1.0,-1.0
37,8,547,143,22.95,60.898,1.0,1,0.0,-1.0,-1.0,-1.0
37,6,545,145,25.667,74.39,1.0,1,0.0,-1.0,-1.0,-1.0
37,5,666,153,106.33,200.63,1.0,1,1.0,-1.0,-1.0,-1.0
37,3,570,139,90.333,223.19,1.0,1,0.9111111111111111,-1.0,-1.0,-1.0
37,1,974,127,138.33,242.07,1.0,1,0.07024793388429752,-1.0,-1.0,-1.0
37,2,947,144,196.27,225.47,1.0,1,0.29591836734693877,-1.0,-1.0,-1.0
37,4,462,124,116.0,244.57,1.0,1,1.0,-1.0,-1.0,-1.0
38,9,594,146,20.781,57.465,0.0,1,0.0,-1.0,-1.0,-1.0
38,8,548,143,23.489,61.331,1.0,1,0.0,-1.0,-1.0,-1.0
38,6,546,145,26.948,75.312,1.0,1,0.0,-1.0,-1.0,-1.0
38,7,527,152,19.196,70.356,1.0,1,0.0,-1.0,-1.0,-1.0
38,5,643,153,96.893,193.74,1.0,1,0.5979381443298969,-1.0,-1.0,-1.0
38,3,588,138,94.358,226.63,1.0,1,1.0,-1.0,-1.0,-1.0
38,1,1009,125,210.17,243.6,1.0,1,0.27985948477751754,-1.0,-1.0,-1.0
38,2,973,144,200.42,225.27,1.0,1,0.18,-1.0,-1.0,-1.0
38,4,477,125,110.74,244.1,1.0,1,1.0,-1.0,-1.0,-1.0
39,9,595,146,18.667,57.907,0.0,1,0.5263157894736842,-1.0,-1.0,-1.0
39,8,549,143,24.025,61.77,1.0,1,0.0,-1.0,-1.0,-1.0
39,7,527,150,20.333,70.894,1.0,1,0.0,-1.0,-1.0,-1.0
39,6,548,146,27.667,76.257,1.0,1,0.0,-1.0,-1.0,-1.0
39,5,610,156,98.0,194.11,1.0,1,0.061224489795918366,-1.0,-1.0,-1.0
39,3,605,138,96.667,230.17,1.0,1,1.0,-1.0,-1.0,-1.0
39,1,1036,124,187.1,245.14,1.0,1,0.17003164902324566,-1.0,-1.0,-1.0
39,2,1000,144,204.73,225.07,1.0,1,0.17560975609756097,-1.0,-1.0,-1.0
39,4,491,125,104.33,243.62,1.0,1,1.0,-1.0,-1.0,-1.0
40,9,596,146,17.619,58.355,0.0,1,0.034482758620689655,-1.0,-1.0,-1.0
40,8,549,143,24.557,62.215,1.0,1,0.0,-1.0,-1.0,-1.0
40,7,526,151,22.217,71.449,1.0,1,0.0,-1.0,-1.0,-1.0
40,6,551,146,25.304,77.227,1.0,1,0.0,-1.0,-1.0,-1.0
40,5,604,155,91.754,193.86,1.0,1,0.043478260869565216,-1.0,-1.0,-1.0
40,1,1064,124,158.87,244.8,1.0,1,0.08571428571428572,-1.0,-1.0,-1.0
40,2,1028,145,195.23,224.35,1.0,1,0.18461538461538463,-1.0,-1.0,-1.0
40,3,613,137,103.12,231.79,1.0,1,1.0,-1.0,-1.0,-1.0
40,4,510,126,98.558,243.11,1.0,1,1.0,-1.0,-1.0,-1.0
41,7,525,133,23.667,71.92,1.0,1,0.16666666666666666,-1.0,-1.0,-1.0
41,9,598,146,16.667,58.81,0.0,1,0.0,-1.0,-1.0,-1.0
41,8,550,143,25.084,62.666,1.0,1,0.0,-1.0,-1.0,-1.0
41,6,554,146,22.333,78.221,1.0,1,0.0,-1.0,-1.0,-1.0
41,5,602,153,85.0,192.91,1.0,1,0.0,-1.0,-1.0,-1.0
41,1,1094,125,129.27,244.47,1.0,1,0.0860655737704918,-1.0,-1.0,-1.0
41,2,1057,146,165.75,222.97,1.0,1,0.22289156626506024,-1.0,-1.0,-1.0
41,3,619,137,107.67,232.36,1.0,1,0.9814814814814815,-1.0,-1.0,-1.0
41,4,529,126,91.667,242.59,1.0,1,0.9792449454285203,-1.0,-1.0,-1.0
42,9,600,145,15.786,59.271,1.0,1,0.0,-1.0,-1.0,-1.0
42,7,525,134,24.079,72.485,1.0,1,0.75,-1.0,-1.0,-1.0
42,8,551,143,25.608,63.123,1.0,1,0.0,-1.0,-1.0,-1.0
42,6,556,147,22.08,79.241,1.0,1,0.0,-1.0,-1.0,-1.0
42,5,570,153,99.619,191.82,1.0,1,0.0,-1.0,-1.0,-1.0
42,3,643,136,95.613,232.96,1.0,1,0.9270833333333334,-1.0,-1.0,-1.0
42,4,543,127,107.22,242.05,1.0,1,0.9370124353132,-1.0,-1.0,-1.0
43,9,602,146,15.0,59.8,1.0,1,0.0,-1.0,-1.0,-1.0
43,7,525,134,24.0,73.078,1.0,1,0.6974885844748858,-1.0,-1.0,-1.0
43,8,554,143,20.0,63.669,1.0,1,0.0,-1.0,-1.0,-1.0
43,6,557,146,21.333,80.097,1.0,1,0.0,-1.0,-1.0,-1.0
43,5,539,154,111.67,190.3,1.0,1,0.125,-1.0,-1.0,-1.0
43,3,664,137,81.333,232.47,1.0,1,0.8641975308641975,-1.0,-1.0,-1.0
43,4,553,126,121.67,243.27,1.0,1,0.9139175605477974,-1.0,-1.0,-1.0
44,9,603,146,17.689,60.339,1.0,1,0.0,-1.0,-1.0,-1.0
44,8,556,143,19.758,64.225,1.0,1,0.053125,-1.0,-1.0,-1.0
44,7,526,134,22.645,73.681,1.0,1,0.2702702702702703,-1.0,-1.0,-1.0
44,6,560,146,26.356,80.971,1.0,1,0.030389363722697058,-1.0,-1.0,-1.0
44,5,519,154,107.57,188.37,1.0,1,0.4537037037037037,-1.0,-1.0,-1.0
44,3,677,137,94.032,231.97,1.0,1,1.0,-1.0,-1.0,-1.0
44,4,568,124,108.71,244.54,1.0,1,1.0,-1.0,-1.0,-1.0
45,8,557,142,19.333,64.791,1.0,1,0.0825910931174089,-1.0,-1.0,-1.0
45,9,603,146,20.0,60.887,1.0,1,0.0,-1.0,-1.0,-1.0
45,7,527,134,21.0,74.299,1.0,1,0.2702702702702703,-1.0,-1.0,-1.0
45,6,562,145,31.0,81.864,1.0,1,0.07789142407553108,-1.0,-1.0,-1.0
45,5,500,154,104.67,186.13,1.0,1,0.8,-1.0,-1.0,-1.0
45,3,689,138,104.67,231.43,1.0,1,1.0,-1.0,-1.0,-1.0
45,4,584,123,93.667,245.85,1.0,1,1.0,-1.0,-1.0,-1.0
46,8,561,142,18.257,65.367,1.0,1,0.0735042735042735,-1.0,-1.0,-1.0
46,9,605,146,21.117,61.446,1.0,1,0.09523809523809523,-1.0,-1.0,-1.0
46,7,528,134,20.461,74.928,1.0,1,0.25333333333333335,-1.0,-1.0,-1.0
46,6,565,145,29.777,82.778,1.0,1,0.7590361445783133,-1.0,-1.0,-1.0
46,5,491,153,81.948,185.41,1.0,1,1.0,-1.0,-1.0,-1.0
46,3,703,138,108.44,230.87,1.0,1,0.9722222222222222,-1.0,-1.0,-1.0
46,4,607,122,99.379,247.2,1.0,1,0.97165991902834,-1.0,-1.0,-1.0
47,8,565,142,17.0,65.953,1.0,1,0.2014260249554367,-1.0,-1.0,-1.0
47,9,606,146,21.75,62.026,1.0,1,1.0,-1.0,-1.0,-1.0
47,7,529,133,19.667,75.568,1.0,1,0.5875,-1.0,-1.0,-1.0
47,6,568,144,28.0,83.712,1.0,1,1.0,-1.0,-1.0,-1.0
47,5,482,152,58.333,184.7,1.0,1,1.0,-1.0,-1.0,-1.0
47,3,716,139,109.33,230.28,1.0,1,0.8440366972477065,-1.0,-1.0,-1.0
47,4,630,120,103.33,248.61,1.0,1,0.8475455218933988,-1.0,-1.0,-1.0
48,7,530,133,21.266,76.203,1.0,1,0.8909774436090225,-1.0,-1.0,-1.0
48,9,607,146,22.586,62.535,1.0,1,1.0,-1.0,-1.0,-1.0
48,8,561,143,20.055,66.513,1.0,1,0.5074626865671642,-1.0,-1.0,-1.0
48,6,571,144,27.71,84.746,1.0,1,1.0,-1.0,-1.0,-1.0
48,5,453,151,79.532,184.0,1.0,1,1.0,-1.0,-1.0,-1.0
48,3,738,137,101.53,232.15,1.0,1,0.8431372549019608,-1.0,-1.0,-1.0
48,4,638,120,115.79,249.29,1.0,1,0.8714859437751004,-1.0,-1.0,-1.0
49,9,608,146,23.333,63.059,1.0,1,1.0,-1.0,-1.0,-1.0
49,7,531,133,22.667,76.849,1.0,1,1.0,-1.0,-1.0,-1.0
49,8,558,143,23.0,67.082,1.0,1,0.700194678780013,-1.0,-1.0,-1.0
49,6,574,144,27.0,85.807,1.0,1,1.0,-1.0,-1.0,-1.0
49,5,424,150,100.33,183.29,1.0,1,1.0,-1.0,-1.0,-1.0
49,3,759,135,90.667,234.09,1.0,1,0.8571428571428571,-1.0,-1.0,-1.0
49,4,646,119,125.67,250.0,1.0,1,0.9034285714285715,-1.0,-1.0,-1.0
50,7,530,133,21.782,77.506,1.0,1,1.0,-1.0,-1.0,-1.0
50,8,560,143,21.909,67.66,1.0,1,1.0,-1.0,-1.0,-1.0
50,9,610,147,24.049,63.594,1.0,1,1.0,-1.0,-1.0,-1.0
50,6,582,144,23.042,86.894,1.0,1,1.0,-1.0,-1.0,-1.0
50,5,415,149,80.429,182.6,1.0,1,1.0,-1.0,-1.0,-1.0
50,3,764,133,109.5,236.13,1.0,1,0.7090909090909091,-1.0,-1.0,-1.0
50,4,674,118,122.39,250.76,1.0,1,0.7533799229312259,-1.0,-1.0,-1.0
51,7,528,133,20.667,78.174,1.0,1,1.0,-1.0,-1.0,-1.0
51,9,613,147,24.667,64.138,1.0,1,1.0,-1.0,-1.0,-1.0
51,8,562,144,20.667,68.248,1.0,1,1.0,-1.0,-1.0,-1.0
51,6,591,143,18.667,88.01,1.0,1,1.0,-1.0,-1.0,-1.0
51,5,405,148,60.0,181.9,1.0,1,1.0,-1.0,-1.0,-1.0
51,3,769,131,125.67,238.28,1.0,1,0.6111111111111112,-1.0,-1.0,-1.0
51,4,702,117,115.67,251.55,1.0,1,0.6010536398467433,-1.0,-1.0,-1.0
52,7,530,133,22.107,78.853,1.0,1,1.0,-1.0,-1.0,-1.0
52,9,615,147,24.72,64.691,1.0,1,1.0,-1.0,-1.0,-1.0
52,8,563,144,22.404,68.846,1.0,1,1.0,-1.0,-1.0,-1.0
52,6,587,143,27.148,89.154,1.0,1,1.0,-1.0,-1.0,-1.0
52,5,375,149,84.182,180.59,1.0,1,1.0,-1.0,-1.0,-1.0
52,3,808,128,111.78,240.52,1.0,1,0.7946428571428571,-1.0,-1.0,-1.0
52,4,714,117,117.07,252.38,1.0,1,0.8119997286663954,-1.0,-1.0,-1.0
53,7,532,132,23.333,79.605,1.0,1,1.0,-1.0,-1.0,-1.0
53,9,616,147,24.667,65.038,1.0,1,0.92,-1.0,-1.0,-1.0
53,8,562,144,24.0,69.481,1.0,1,0.875,-1.0,-1.0,-1.0
53,6,583,143,35.333,90.23,1.0,1,1.0,-1.0,-1.0,-1.0
53,5,345,149,108.33,179.29,1.0,1,1.0,-1.0,-1.0,-1.0
53,3,846,130,94.0,239.22,1.0,1,1.0,-1.0,-1.0,-1.0
53,4,725,114,115.0,254.55,1.0,1,1.0,-1.0,-1.0,-1.0
54,7,531,132,24.353,80.371,1.0,1,1.0,-1.0,-1.0,-1.0
54,9,617,147,23.106,65.389,1.0,1,0.8695652173913043,-1.0,-1.0,-1.0
54,8,563,143,24.001,70.128,1.0,1,0.9583333333333334,-1.0,-1.0,-1.0
54,6,586,143,34.439,91.333,1.0,1,1.0,-1.0,-1.0,-1.0
54,5,338,149,90.176,178.01,1.0,1,1.0,-1.0,-1.0,-1.0
54,3,865,131,112.81,237.84,1.0,1,0.4336283185840708,-1.0,-1.0,-1.0
54,4,741,112,188.49,256.83,1.0,1,0.6847421144134448,-1.0,-1.0,-1.0
55,7,532,132,25.333,81.112,1.0,1,1.0,-1.0,-1.0,-1.0
55,9,619,147,21.333,65.743,1.0,1,0.8571428571428571,-1.0,-1.0,-1.0
55,8,564,143,23.667,70.787,1.0,1,1.0,-1.0,-1.0,-1.0
55,6,589,143,33.0,92.463,1.0,1,1.0,-1.0,-1.0,-1.0
55,5,330,149,72.0,176.76,1.0,1,1.0,-1.0,-1.0,-1.0
55,3,882,133,128.67,236.4,1.0,1,0.4418604651162791,-1.0,-1.0,-1.0
55,4,761,110,193.47,259.24,1.0,1,0.6600716186208414,-1.0,-1.0,-1.0
56,9,622,147,21.425,66.102,1.0,1,0.7142857142857143,-1.0,-1.0,-1.0
56,7,534,132,24.374,81.876,1.0,1,1.0,-1.0,-1.0,-1.0
56,8,565,143,23.999,71.459,1.0,1,1.0,-1.0,-1.0,-1.0
56,6,594,143,33.595,93.621,1.0,1,1.0,-1.0,-1.0,-1.0
56,5,311,150,72.829,175.51,1.0,1,1.0,-1.0,-1.0,-1.0
56,3,873,134,205.53,234.87,1.0,1,0.47572815533980584,-1.0,-1.0,-1.0
56,4,782,107,198.65,261.78,1.0,1,0.5132149296098815,-1.0,-1.0,-1.0
57,9,624,147,21.333,66.465,1.0,1,0.6190476190476191,-1.0,-1.0,-1.0
57,7,536,132,23.333,82.656,1.0,1,1.0,-1.0,-1.0,-1.0
57,8,566,143,24.0,72.143,1.0,1,1.0,-1.0,-1.0,-1.0
57,6,598,143,33.667,94.808,1.0,1,1.0,-1.0,-1.0,-1.0
57,5,294,149,73.667,174.42,1.0,1,1.0,-1.0,-1.0,-1.0
57,3,897,136,212.57,233.26,1.0,1,0.4788732394366197,-1.0,-1.0,-1.0
57,4,804,105,204.06,264.47,1.0,1,0.5197749554367201,-1.0,-1.0,-1.0
58,9,628,147,20.651,66.969,1.0,1,0.6190476190476191,-1.0,-1.0,-1.0
58,7,538,132,23.738,83.393,1.0,1,1.0,-1.0,-1.0,-1.0
58,8,568,143,24.878,72.859,1.0,1,1.0,-1.0,-1.0,-1.0
58,6,602,144,34.133,95.911,1.0,1,1.0,-1.0,-1.0,-1.0
58,5,280,149,69.368,173.34,1.0,1,1.0,-1.0,-1.0,-1.0
58,3,920,134,221.06,235.19,1.0,1,0.4660633484162896,-1.0,-1.0,-1.0
58,4,825,105,213.38,264.22,1.0,1,0.5068644188362498,-1.0,-1.0,-1.0
59,9,631,147,20.0,67.482,1.0,1,0.55,-1.0,-1.0,-1.0
59,7,540,132,24.0,84.143,1.0,1,1.0,-1.0,-1.0,-1.0
59,8,570,143,25.333,73.603,1.0,1,1.0,-1.0,-1.0,-1.0
59,6,606,144,34.0,97.04,1.0,1,1.0,-1.0,-1.0,-1.0
59,5,267,148,65.0,172.27,1.0,1,1.0,-1.0,-1.0,-1.0
59,3,945,132,230.2,237.26,1.0,1,0.44782608695652176,-1.0,-1.0,-1.0
59,4,848,105,223.65,263.93,1.0,1,0.49102069805194803,-1.0,-1.0,-1.0
60,9,633,147,19.984,68.001,1.0,1,0.45,-1.0,-1.0,-1.0
60,7,541,132,24.908,84.907,1.0,1,1.0,-1.0,-1.0,-1.0
60,8,570,143,28.052,74.362,1.0,1,1.0,-1.0,-1.0,-1.0
60,6,608,144,35.807,98.196,1.0,1,1.0,-1.0,-1.0,-1.0
60,5,257,152,57.296,167.6,1.0,1,1.0,-1.0,-1.0,-1.0
60,3,971,130,240.09,239.48,1.0,1,0.42916666666666664,-1.0,-1.0,-1.0
60,4,873,105,235.01,263.6,1.0,1,0.4722275950999355,-1.0,-1.0,-1.0
61,9,635,147,20.0,68.528,1.0,1,0.4,-1.0,-1.0,-1.0
61,7,542,132,25.667,85.684,1.0,1,1.0,-1.0,-1.0,-1.0
61,8,570,143,30.333,75.148,1.0,1,1.0,-1.0,-1.0,-1.0
61,6,610,144,37.0,99.379,1.0,1,1.0,-1.0,-1.0,-1.0
61,5,249,155,51.333,163.17,1.0,1,1.0,-1.0,-1.0,-1.0
61,3,998,128,224.88,241.19,1.0,1,0.36444444444444446,-1.0,-1.0,-1.0
61,4,897,104,243.56,265.42,1.0,1,0.4670120630992886,-1.0,-1.0,-1.0
62,9,636,147,21.315,69.063,1.0,1,0.2857142857142857,-1.0,-1.0,-1.0
62,7,541,132,28.416,86.476,1.0,1,1.0,-1.0,-1.0,-1.0
62,8,572,143,29.259,75.927,1.0,1,1.0,-1.0,-1.0,-1.0
62,6,612,144,39.005,100.59,1.0,1,1.0,-1.0,-1.0,-1.0
62,5,241,152,52.223,161.81,1.0,1,1.0,-1.0,-1.0,-1.0
62,3,1028,127,195.52,241.73,1.0,1,0.25,-1.0,-1.0,-1.0
62,4,922,102,252.69,267.37,1.0,1,0.47337567171470446,-1.0,-1.0,-1.0
63,9,635,147,22.667,69.71,1.0,1,0.08695652173913043,-1.0,-1.0,-1.0
63,7,539,131,31.0,87.386,1.0,1,1.0,-1.0,-1.0,-1.0
63,8,574,143,27.667,76.527,1.0,1,1.0,-1.0,-1.0,-1.0
63,6,616,144,40.333,102.0,1.0,1,1.0,-1.0,-1.0,-1.0
63,5,233,150,53.333,160.47,1.0,1,1.0,-1.0,-1.0,-1.0
63,4,950,100,262.47,269.46,1.0,1,1.0,-1.0,-1.0,-1.0
64,9,636,147,23.116,70.37,1.0,1,0.0,-1.0,-1.0,-1.0
64,7,541,131,29.981,88.315,1.0,1,1.0,-1.0,-1.0,-1.0
64,8,574,143,28.495,77.137,1.0,1,1.0,-1.0,-1.0,-1.0
64,6,621,144,39.628,103.45,1.0,1,1.0,-1.0,-1.0,-1.0
64,5,160,148,112.0,159.16,1.0,1,1.0,-1.0,-1.0,-1.0
64,4,978,97,244.6,271.72,1.0,1,1.0,-1.0,-1.0,-1.0
65,9,636,147,23.569,71.043,1.0,1,0.0,-1.0,-1.0,-1.0
65,7,544,131,28.667,89.264,1.0,1,1.0,-1.0,-1.0,-1.0
65,8,575,143,29.0,77.756,1.0,1,1.0,-1.0,-1.0,-1.0
65,6,627,144,38.333,104.94,1.0,1,1.0,-1.0,-1.0,-1.0
65,4,1009,97,213.9,271.98,1.0,1,1.0,-1.0,-1.0,-1.0
66,9,638,148,24.688,71.728,1.0,1,0.0,-1.0,-1.0,-1.0
66,7,546,131,26.836,90.193,1.0,1,1.0,-1.0,-1.0,-1.0
66,8,577,143,29.169,78.386,1.0,1,1.0,-1.0,-1.0,-1.0
66,6,631,143,40.127,106.48,1.0,1,1.0,-1.0,-1.0,-1.0
66,4,1042,98,181.12,270.84,1.0,1,1.0,-1.0,-1.0,-1.0
67,9,637,148,24.493,72.427,1.0,1,0.0,-1.0,-1.0,-1.0
67,7,548,130,24.667,91.142,1.0,1,1.0,-1.0,-1.0,-1.0
67,8,580,142,29.0,79.025,1.0,1,1.0,-1.0,-1.0,-1.0
67,6,635,143,41.333,108.06,1.0,1,1.0,-1.0,-1.0,-1.0
67,4,1077,99,146.05,269.71,1.0,1,1.0,-1.0,-1.0,-1.0
68,9,643,148,25.746,73.033,1.0,1,0.0,-1.0,-1.0,-1.0
68,7,547,130,25.401,92.067,1.0,1,1.0,-1.0,-1.0,-1.0
68,8,582,142,31.588,79.706,1.0,1,1.0,-1.0,-1.0,-1.0
68,6,640,144,41.024,109.63,1.0,1,1.0,-1.0,-1.0,-1.0
69,8,584,142,34.0,80.397,1.0,1,1.0,-1.0,-1.0,-1.0
69,9,648,148,26.667,73.648,1.0,1,0.0,-1.0,-1.0,-1.0
69,7,546,130,25.667,93.012,1.0,1,1.0,-1.0,-1.0,-1.0
69,6,645,144,40.0,111.25,1.0,1,1.0,-1.0,-1.0,-1.0
70,9,651,148,26.349,74.275,1.0,1,0.038461538461538464,-1.0,-1.0,-1.0
70,8,586,142,32.938,81.101,1.0,1,1.0,-1.0,-1.0,-1.0
70,7,546,130,26.743,93.975,1.0,1,1.0,-1.0,-1.0,-1.0
70,6,652,145,40.36,112.91,1.0,1,1.0,-1.0,-1.0,-1.0
71,9,653,147,25.667,74.912,1.0,1,0.19230769230769232,-1.0,-1.0,-1.0
71,8,589,142,31.667,81.817,1.0,1,1.0,-1.0,-1.0,-1.0
71,7,547,130,27.333,94.959,1.0,1,1.0,-1.0,-1.0,-1.0
71,6,658,145,40.0,114.63,1.0,1,1.0,-1.0,-1.0,-1.0
72,9,654,147,24.343,75.561,1.0,1,0.2916666666666667,-1.0,-1.0,-1.0
72,7,549,129,29.091,95.977,1.0,1,1.0,-1.0,-1.0,-1.0
72,8,592,142,31.433,82.546,1.0,1,1.0,-1.0,-1.0,-1.0
72,6,661,146,46.376,116.4,1.0,1,1.0,-1.0,-1.0,-1.0
73,9,656,147,22.667,76.234,1.0,1,0.30434782608695654,-1.0,-1.0,-1.0
73,8,595,142,31.0,83.447,1.0,1,1.0,-1.0,-1.0,-1.0
73,7,551,130,30.333,96.981,1.0,1,1.0,-1.0,-1.0,-1.0
73,6,663,145,52.0,118.57,1.0,1,1.0,-1.0,-1.0,-1.0
74,9,658,148,24.46,76.921,1.0,1,0.5,-1.0,-1.0,-1.0
74,8,597,142,30.357,84.369,1.0,1,1.0,-1.0,-1.0,-1.0
74,7,549,131,32.426,98.007,1.0,1,1.0,-1.0,-1.0,-1.0
74,6,670,145,48.503,120.82,1.0,1,1.0,-1.0,-1.0,-1.0
75,9,660,148,26.0,77.619,1.0,1,0.6923076923076923,-1.0,-1.0,-1.0
75,8,600,142,29.333,85.311,1.0,1,1.0,-1.0,-1.0,-1.0
75,7,548,131,34.0,99.054,1.0,1,1.0,-1.0,-1.0,-1.0
75,6,678,144,43.333,123.15,1.0,1,1.0,-1.0,-1.0,-1.0
76,9,662,148,27.982,78.33,1.0,1,0.75,-1.0,-1.0,-1.0
76,8,600,142,29.184,86.274,1.0,1,1.0,-1.0,-1.0,-1.0
76,7,552,130,32.165,100.02,1.0,1,1.0,-1.0,-1.0,-1.0
76,6,683,144,49.864,125.58,1.0,1,1.0,-1.0,-1.0,-1.0
77,9,664,148,29.667,79.055,1.0,1,0.8,-1.0,-1.0,-1.0
77,7,555,128,29.667,101.01,1.0,1,1.0,-1.0,-1.0,-1.0
77,8,604,143,28.667,86.542,1.0,1,1.0,-1.0,-1.0,-1.0
77,6,688,143,55.0,128.1,1.0,1,1.0,-1.0,-1.0,-1.0
78,9,667,148,31.151,79.797,1.0,1,0.8064516129032258,-1.0,-1.0,-1.0
78,7,557,129,29.892,102.2,1.0,1,1.0,-1.0,-1.0,-1.0
78,8,606,143,29.513,87.648,1.0,1,1.0,-1.0,-1.0,-1.0
78,6,692,143,49.187,130.07,1.0,1,1.0,-1.0,-1.0,-1.0
79,9,670,148,32.0,80.553,1.0,1,0.84375,-1.0,-1.0,-1.0
79,7,558,129,29.667,103.42,1.0,1,1.0,-1.0,-1.0,-1.0
79,8,607,143,30.0,88.783,1.0,1,1.0,-1.0,-1.0,-1.0
79,6,697,142,42.333,132.09,1.0,1,1.0,-1.0,-1.0,-1.0
80,9,672,148,33.166,81.324,1.0,1,1.0,-1.0,-1.0,-1.0
80,8,611,143,34.028,89.948,1.0,1,1.0,-1.0,-1.0,-1.0
80,7,559,129,30.063,104.67,1.0,1,1.0,-1.0,-1.0,-1.0
80,6,706,142,47.418,134.18,1.0,1,1.0,-1.0,-1.0,-1.0
81,9,673,149,33.667,82.159,1.0,1,1.0,-1.0,-1.0,-1.0
81,8,615,143,37.667,91.143,1.0,1,1.0,-1.0,-1.0,-1.0
81,7,561,129,30.0,105.95,1.0,1,1.0,-1.0,-1.0,-1.0
81,6,716,144,51.667,136.57,1.0,1,1.0,-1.0,-1.0,-1.0
82,9,677,149,31.666,83.017,1.0,1,1.0,-1.0,-1.0,-1.0
82,8,616,142,39.586,92.371,1.0,1,1.0,-1.0,-1.0,-1.0
82,7,561,129,31.736,107.27,1.0,1,1.0,-1.0,-1.0,-1.0
82,6,721,146,56.452,139.04,1.0,1,1.0,-1.0,-1.0,-1.0
83,9,681,149,29.0,83.819,1.0,1,1.0,-1.0,-1.0,-1.0
83,8,618,143,41.0,93.447,1.0,1,1.0,-1.0,-1.0,-1.0
83,7,562,128,33.0,108.53,1.0,1,1.0,-1.0,-1.0,-1.0
83,6,727,145,60.0,141.64,1.0,1,1.0,-1.0,-1.0,-1.0
84,9,682,148,32.561,84.636,1.0,1,1.0,-1.0,-1.0,-1.0
84,7,561,128,36.108,109.81,1.0,1,1.0,-1.0,-1.0,-1.0
84,8,621,143,39.062,94.549,1.0,1,1.0,-1.0,-1.0,-1.0
84,6,736,143,57.596,144.34,1.0,1,1.0,-1.0,-1.0,-1.0
85,9,682,148,35.667,85.469,1.0,1,1.0,-1.0,-1.0,-1.0
85,7,560,128,38.667,111.13,1.0,1,1.0,-1.0,-1.0,-1.0
85,8,624,143,36.667,95.676,1.0,1,1.0,-1.0,-1.0,-1.0
85,6,745,144,53.667,147.0,1.0,1,1.0,-1.0,-1.0,-1.0
86,9,687,148,33.781,86.318,1.0,1,1.0,-1.0,-1.0,-1.0
86,7,562,128,39.825,112.49,1.0,1,1.0,-1.0,-1.0,-1.0
86,8,628,143,39.212,96.83,1.0,1,1.0,-1.0,-1.0,-1.0
86,6,750,145,60.508,149.76,1.0,1,1.0,-1.0,-1.0,-1.0
87,9,692,148,31.333,87.184,1.0,1,1.0,-1.0,-1.0,-1.0
87,8,632,143,41.333,98.012,1.0,1,1.0,-1.0,-1.0,-1.0
87,7,566,128,40.333,113.69,1.0,1,1.0,-1.0,-1.0,-1.0
87,6,755,147,66.0,152.62,1.0,1,1.0,-1.0,-1.0,-1.0
88,9,694,148,35.529,88.14,1.0,1,1.0,-1.0,-1.0,-1.0
88,8,631,143,42.791,99.288,1.0,1,1.0,-1.0,-1.0,-1.0
88,7,571,128,39.44,115.37,1.0,1,1.0,-1.0,-1.0,-1.0
88,6,768,147,58.793,155.99,1.0,1,1.0,-1.0,-1.0,-1.0
89,9,695,148,39.333,89.118,1.0,1,1.0,-1.0,-1.0,-1.0
89,8,630,143,43.667,100.6,1.0,1,1.0,-1.0,-1.0,-1.0
89,7,576,128,38.0,117.1,1.0,1,1.0,-1.0,-1.0,-1.0
89,6,781,147,49.667,159.5,1.0,1,1.0,-1.0,-1.0,-1.0
90,9,700,148,37.253,90.117,1.0,1,1.0,-1.0,-1.0,-1.0
90,8,633,143,41.816,101.94,1.0,1,1.0,-1.0,-1.0,-1.0
90,7,579,128,39.269,118.89,1.0,1,1.0,-1.0,-1.0,-1.0
90,6,786,147,59.925,163.18,1.0,1,1.0,-1.0,-1.0,-1.0
91,9,704,148,34.667,91.138,1.0,1,1.0,-1.0,-1.0,-1.0
91,8,637,143,39.333,103.32,1.0,1,1.0,-1.0,-1.0,-1.0
91,7,581,128,40.0,120.74,1.0,1,1.0,-1.0,-1.0,-1.0
91,6,791,148,68.667,167.04,1.0,1,1.0,-1.0,-1.0,-1.0
92,9,707,148,35.73,92.184,1.0,1,1.0,-1.0,-1.0,-1.0
92,8,636,143,41.292,104.74,1.0,1,1.0,-1.0,-1.0,-1.0
92,7,586,128,38.632,122.63,1.0,1,1.0,-1.0,-1.0,-1.0
92,6,798,148,69.604,171.08,1.0,1,1.0,-1.0,-1.0,-1.0
93,9,710,148,36.333,93.188,1.0,1,1.0,-1.0,-1.0,-1.0
93,8,636,143,42.667,106.25,1.0,1,1.0,-1.0,-1.0,-1.0
93,7,590,128,36.667,124.1,1.0,1,1.0,-1.0,-1.0,-1.0
93,6,806,148,68.333,175.28,1.0,1,1.0,-1.0,-1.0,-1.0
94,9,714,148,37.902,94.215,1.0,1,1.0,-1.0,-1.0,-1.0
94,8,639,144,44.888,107.81,1.0,1,1.0,-1.0,-1.0,-1.0
94,7,588,128,40.022,125.6,1.0,1,1.0,-1.0,-1.0,-1.0
94,6,825,147,68.5,179.69,1.0,1,1.0,-1.0,-1.0,-1.0
95,9,719,149,39.0,95.264,1.0,1,1.0,-1.0,-1.0,-1.0
95,8,641,144,46.333,109.41,1.0,1,1.0,-1.0,-1.0,-1.0
95,7,586,129,43.0,127.13,1.0,1,1.0,-1.0,-1.0,-1.0
95,6,844,147,66.333,184.33,1.0,1,1.0,-1.0,-1.0,-1.0
96,9,723,149,37.928,96.338,1.0,1,1.0,-1.0,-1.0,-1.0
96,8,643,144,46.758,111.09,1.0,1,1.0,-1.0,-1.0,-1.0
96,7,587,129,45.231,128.71,1.0,1,1.0,-1.0,-1.0,-1.0
96,6,852,147,83.532,189.21,1.0,1,1.0,-1.0,-1.0,-1.0
97,9,727,149,36.333,97.435,1.0,1,1.0,-1.0,-1.0,-1.0
97,8,646,144,46.333,112.77,1.0,1,1.0,-1.0,-1.0,-1.0
97,7,588,129,47.0,130.32,1.0,1,1.0,-1.0,-1.0,-1.0
97,6,853,150,98.333,191.26,1.0,1,1.0,-1.0,-1.0,-1.0
98,9,733,150,39.531,98.623,1.0,1,1.0,-1.0,-1.0,-1.0
98,8,648,144,48.7,114.53,1.0,1,1.0,-1.0,-1.0,-1.0
98,7,595,129,44.319,132.31,1.0,1,1.0,-1.0,-1.0,-1.0
98,6,874,149,87.743,196.7,1.0,1,1.0,-1.0,-1.0,-1.0
99,9,738,150,42.0,99.841,1.0,1,1.0,-1.0,-1.0,-1.0
99,8,650,145,50.333,116.35,1.0,1,1.0,-1.0,-1.0,-1.0
99,7,602,129,41.0,134.36,1.0,1,1.0,-1.0,-1.0,-1.0
99,6,896,147,73.333,202.46,1.0,1,1.0,-1.0,-1.0,-1.0
100,9,742,151,43.421,101.09,1.0,1,1.0,-1.0,-1.0,-1.0
100,8,654,145,48.747,118.22,1.0,1,1.0,-1.0,-1.0,-1.0
100,7,608,129,39.625,136.47,1.0,1,1.0,-1.0,-1.0,-1.0
100,6,907,146,94.019,208.57,1.0,1,1.0,-1.0,-1.0,-1.0
101,9,742,150,44.0,102.54,1.0,1,1.0,-1.0,-1.0,-1.0
101,8,657,146,46.333,120.15,1.0,1,1.0,-1.0,-1.0,-1.0
101,7,615,129,37.667,138.65,1.0,1,1.0,-1.0,-1.0,-1.0
101,6,916,148,111.67,214.49,1.0,1,1.0,-1.0,-1.0,-1.0
102,9,746,149,45.597,104.03,1.0,1,1.0,-1.0,-1.0,-1.0
102,8,660,147,46.897,122.15,1.0,1,1.0,-1.0,-1.0,-1.0
102,7,615,129,41.948,140.9,1.0,1,1.0,-1.0,-1.0,-1.0
102,6,937,151,106.75,218.47,1.0,1,1.0,-1.0,-1.0,-1.0
103,9,752,149,46.333,105.25,1.0,1,1.0,-1.0,-1.0,-1.0
103,8,663,147,46.667,123.87,1.0,1,1.0,-1.0,-1.0,-1.0
103,7,615,129,45.667,142.7,1.0,1,1.0,-1.0,-1.0,-1.0
103,6,958,148,97.333,220.67,1.0,1,1.0,-1.0,-1.0,-1.0
104,9,758,149,45.811,106.49,1.0,1,1.0,-1.0,-1.0,-1.0
104,8,667,147,48.354,125.63,1.0,1,1.0,-1.0,-1.0,-1.0
104,7,612,130,52.818,144.54,1.0,1,1.0,-1.0,-1.0,-1.0
104,6,981,146,100.79,223.02,1.0,1,1.0,-1.0,-1.0,-1.0
105,9,763,150,44.667,107.76,1.0,1,1.0,-1.0,-1.0,-1.0
105,8,672,147,49.333,127.45,1.0,1,1.0,-1.0,-1.0,-1.0
105,7,608,130,59.333,146.44,1.0,1,1.0,-1.0,-1.0,-1.0
105,6,1004,143,100.0,225.52,1.0,1,1.0,-1.0,-1.0,-1.0
106,9,769,150,46.98,109.07,1.0,1,1.0,-1.0,-1.0,-1.0
106,8,676,147,52.388,129.32,1.0,1,1.0,-1.0,-1.0,-1.0
106,7,611,131,58.427,148.39,1.0,1,1.0,-1.0,-1.0,-1.0
106,6,1026,141,108.0,228.18,1.0,1,1.0,-1.0,-1.0,-1.0
107,9,775,150,48.667,110.4,1.0,1,1.0,-1.0,-1.0,-1.0
107,8,680,147,54.667,131.24,1.0,1,1.0,-1.0,-1.0,-1.0
107,7,614,131,56.667,150.4,1.0,1,1.0,-1.0,-1.0,-1.0
107,6,1034,138,111.33,230.68,1.0,1,1.0,-1.0,-1.0,-1.0
108,9,781,150,48.176,111.97,1.0,1,1.0,-1.0,-1.0,-1.0
108,8,684,147,53.702,133.88,1.0,1,1.0,-1.0,-1.0,-1.0
108,7,617,131,57.317,153.45,1.0,1,1.0,-1.0,-1.0,-1.0
108,6,1069,138,100.1,230.62,1.0,1,1.0,-1.0,-1.0,-1.0
109,9,788,150,46.667,113.58,1.0,1,1.0,-1.0,-1.0,-1.0
109,8,688,147,51.333,136.62,1.0,1,1.0,-1.0,-1.0,-1.0
109,7,619,131,56.667,156.62,1.0,1,1.0,-1.0,-1.0,-1.0
109,6,1101,138,83.333,230.54,1.0,1,1.0,-1.0,-1.0,-1.0
110,9,793,150,46.327,115.23,1.0,1,1.0,-1.0,-1.0,-1.0
110,8,689,148,55.842,139.48,1.0,1,1.0,-1.0,-1.0,-1.0
110,7,627,131,51.679,159.92,1.0,1,1.0,-1.0,-1.0,-1.0
110,6,1088,139,134.71,230.47,1.0,1,1.0,-1.0,-1.0,-1.0
111,9,799,150,45.0,116.94,1.0,1,1.0,-1.0,-1.0,-1.0
111,8,691,148,59.0,142.46,1.0,1,1.0,-1.0,-1.0,-1.0
111,7,636,130,45.333,163.37,1.0,1,1.0,-1.0,-1.0,-1.0
111,6,1115,140,107.6,228.97,1.0,1,1.0,-1.0,-1.0,-1.0
112,9,803,151,51.48,118.69,1.0,1,1.0,-1.0,-1.0,-1.0
112,8,696,149,55.13,145.58,1.0,1,1.0,-1.0,-1.0,-1.0
112,7,637,130,52.235,166.97,1.0,1,1.0,-1.0,-1.0,-1.0
112,6,1144,142,78.599,227.26,1.0,1,1.0,-1.0,-1.0,-1.0
113,9,808,151,57.0,120.35,1.0,1,1.0,-1.0,-1.0,-1.0
113,8,703,149,49.667,148.41,1.0,1,1.0,-1.0,-1.0,-1.0
113,7,638,131,58.0,170.35,1.0,1,1.0,-1.0,-1.0,-1.0
114,9,814,151,55.236,122.05,1.0,1,1.0,-1.0,-1.0,-1.0
114,8,707,149,56.499,151.36,1.0,1,1.0,-1.0,-1.0,-1.0
114,7,638,131,62.197,173.88,1.0,1,1.0,-1.0,-1.0,-1.0
115,9,820,152,52.333,123.81,1.0,1,1.0,-1.0,-1.0,-1.0
115,8,712,149,62.333,154.42,1.0,1,1.0,-1.0,-1.0,-1.0
115,7,638,132,64.667,177.55,1.0,1,1.0,-1.0,-1.0,-1.0
116,9,827,152,57.536,125.61,1.0,1,1.0,-1.0,-1.0,-1.0
116,8,717,149,66.831,157.61,1.0,1,1.0,-1.0,-1.0,-1.0
116,7,640,132,66.645,181.38,1.0,1,1.0,-1.0,-1.0,-1.0
117,9,834,152,61.667,127.47,1.0,1,1.0,-1.0,-1.0,-1.0
117,8,723,149,70.0,160.94,1.0,1,1.0,-1.0,-1.0,-1.0
117,7,641,133,66.667,185.38,1.0,1,1.0,-1.0,-1.0,-1.0
118,9,842,152,61.001,129.49,1.0,1,1.0,-1.0,-1.0,-1.0
118,8,726,150,70.49,164.53,1.0,1,1.0,-1.0,-1.0,-1.0
118,7,650,132,64.307,189.65,1.0,1,1.0,-1.0,-1.0,-1.0
119,9,851,152,59.0,131.57,1.0,1,1.0,-1.0,-1.0,-1.0
119,8,730,150,69.333,168.28,1.0,1,1.0,-1.0,-1.0,-1.0
119,7,659,131,60.333,194.13,1.0,1,1.0,-1.0,-1.0,-1.0
120,9,860,153,57.324,133.72,1.0,1,1.0,-1.0,-1.0,-1.0
120,8,736,150,68.359,172.2,1.0,1,1.0,-1.0,-1.0,-1.0
120,7,671,130,55.779,198.82,1.0,1,1.0,-1.0,-1.0,-1.0
121,9,870,153,54.333,135.94,1.0,1,1.0,-1.0,-1.0,-1.0
121,8,740,151,65.667,175.48,1.0,1,1.0,-1.0,-1.0,-1.0
121,7,683,129,49.667,203.75,1.0,1,1.0,-1.0,-1.0,-1.0
122,9,880,153,62.124,138.24,1.0,1,1.0,-1.0,-1.0,-1.0
122,8,747,151,64.395,180.63,1.0,1,1.0,-1.0,-1.0,-1.0
122,7,686,128,59.352,208.93,1.0,1,1.0,-1.0,-1.0,-1.0
123,9,890,154,68.667,140.33,1.0,1,1.0,-1.0,-1.0,-1.0
123,8,753,152,61.0,185.31,1.0,1,0.9672131147540983,-1.0,-1.0,-1.0
123,7,687,128,67.667,214.37,1.0,1,1.0,-1.0,-1.0,-1.0
124,9,899,155,65.217,142.48,1.0,1,1.0,-1.0,-1.0,-1.0
124,8,756,153,69.685,190.25,1.0,1,0.9285714285714286,-1.0,-1.0,-1.0
124,7,687,127,74.08,220.1,1.0,1,1.0,-1.0,-1.0,-1.0
125,9,910,155,60.333,145.19,1.0,1,1.0,-1.0,-1.0,-1.0
125,8,759,154,76.333,195.46,1.0,1,0.9210526315789473,-1.0,-1.0,-1.0
125,7,686,126,78.667,226.15,1.0,1,1.0,-1.0,-1.0,-1.0
126,9,923,155,66.307,148.01,1.0,1,1.0,-1.0,-1.0,-1.0
126,8,769,152,80.819,200.89,1.0,1,0.9506172839506173,-1.0,-1.0,-1.0
126,7,687,125,86.31,232.53,1.0,1,1.0,-1.0,-1.0,-1.0
127,9,936,155,70.667,150.95,1.0,1,1.0,-1.0,-1.0,-1.0
127,8,778,149,82.667,206.63,1.0,1,0.963855421686747,-1.0,-1.0,-1.0
127,7,689,125,91.667,239.29,1.0,1,1.0,-1.0,-1.0,-1.0
128,9,947,154,75.959,157.87,1.0,1,1.0,-1.0,-1.0,-1.0
128,8,782,146,83.318,212.71,1.0,1,0.891566265060241,-1.0,-1.0,-1.0
128,7,699,124,91.546,244.88,1.0,1,1.0,-1.0,-1.0,-1.0
129,9,959,154,77.333,160.89,1.0,1,1.0,-1.0,-1.0,-1.0
129,8,786,147,81.0,219.28,1.0,1,0.8518518518518519,-1.0,-1.0,-1.0
129,7,710,124,88.333,245.44,1.0,1,1.0,-1.0,-1.0,-1.0
130,9,971,154,76.298,164.0,1.0,1,1.0,-1.0,-1.0,-1.0
130,7,725,123,82.905,246.03,1.0,1,0.8917621706337545,-1.0,-1.0,-1.0
130,8,798,148,82.859,221.04,1.0,1,0.8795180722891566,-1.0,-1.0,-1.0
131,9,983,155,73.667,167.21,1.0,1,1.0,-1.0,-1.0,-1.0
131,7,740,122,74.333,246.66,1.0,1,0.9638910165225955,-1.0,-1.0,-1.0
131,8,811,149,81.667,220.13,1.0,1,0.9634146341463414,-1.0,-1.0,-1.0
132,9,996,155,82.78,170.52,1.0,1,1.0,-1.0,-1.0,-1.0
132,7,746,122,82.432,247.33,1.0,1,0.9243112471610546,-1.0,-1.0,-1.0
132,8,821,150,93.573,219.15,1.0,1,0.925531914893617,-1.0,-1.0,-1.0
133,9,999,157,91.0,172.51,1.0,1,1.0,-1.0,-1.0,-1.0
133,7,751,119,87.667,250.49,1.0,1,0.94,-1.0,-1.0,-1.0
133,8,833,149,102.33,219.75,1.0,1,0.9411764705882353,-1.0,-1.0,-1.0
134,9,1016,152,90.12,176.6,1.0,1,1.0,-1.0,-1.0,-1.0
134,7,760,115,93.172,253.87,1.0,1,0.9161798323596647,-1.0,-1.0,-1.0
134,8,844,149,112.57,220.38,1.0,1,0.9203539823008849,-1.0,-1.0,-1.0
135,9,1031,154,86.667,180.51,1.0,1,1.0,-1.0,-1.0,-1.0
135,7,768,112,95.0,257.49,1.0,1,0.9185336883063691,-1.0,-1.0,-1.0
135,8,854,148,119.0,221.05,1.0,1,0.9243697478991597,-1.0,-1.0,-1.0
136,9,1047,156,95.175,184.61,1.0,1,1.0,-1.0,-1.0,-1.0
136,7,770,108,106.47,261.36,1.0,1,0.9919757102580785,-1.0,-1.0,-1.0
136,8,875,147,122.72,221.76,1.0,1,0.991869918699187,-1.0,-1.0,-1.0
137,9,1063,159,101.33,188.9,1.0,1,1.0,-1.0,-1.0,-1.0
137,7,771,103,113.67,265.53,1.0,1,1.0,-1.0,-1.0,-1.0
137,8,892,147,121.67,222.41,1.0,1,1.0,-1.0,-1.0,-1.0
138,9,1082,158,95.403,193.27,1.0,1,1.0,-1.0,-1.0,-1.0
138,7,783,103,125.01,265.98,1.0,1,0.9732932330827068,-1.0,-1.0,-1.0
138,8,904,147,121.07,222.5,1.0,1,0.9669421487603306,-1.0,-1.0,-1.0
139,9,1101,157,86.667,197.86,1.0,1,1.0,-1.0,-1.0,-1.0
139,7,793,103,131.33,266.45,1.0,1,0.9488033059748608,-1.0,-1.0,-1.0
139,8,916,146,115.0,222.58,1.0,1,0.9304347826086956,-1.0,-1.0,-1.0
140,9,1113,156,90.283,202.67,1.0,1,1.0,-1.0,-1.0,-1.0
140,7,801,102,173.44,266.96,1.0,1,0.8213721287696737,-1.0,-1.0,-1.0
140,8,937,146,158.34,222.68,1.0,1,0.7658227848101266,-1.0,-1.0,-1.0
141,9,1131,156,75.914,205.12,1.0,1,1.0,-1.0,-1.0,-1.0
141,7,811,101,181.98,267.52,1.0,1,0.8308389371822208,-1.0,-1.0,-1.0
141,8,956,146,166.66,222.78,1.0,1,0.7784431137724551,-1.0,-1.0,-1.0
142,9,1150,155,73.209,206.27,1.0,1,0.958904109589041,-1.0,-1.0,-1.0
142,7,823,101,191.3,268.11,1.0,1,0.8388098773149957,-1.0,-1.0,-1.0
142,8,977,146,175.91,222.89,1.0,1,0.7897727272727273,-1.0,-1.0,-1.0
143,7,836,101,201.04,267.53,1.0,1,0.831031410113611,-1.0,-1.0,-1.0
143,8,996,147,184.52,221.82,1.0,1,0.7783783783783784,-1.0,-1.0,-1.0
144,7,850,102,212.06,266.88,1.0,1,0.8243057027771888,-1.0,-1.0,-1.0
144,8,1017,148,193.92,220.66,1.0,1,0.7680412371134021,-1.0,-1.0,-1.0
145,7,866,102,224.65,266.63,1.0,1,0.8104369538077403,-1.0,-1.0,-1.0
145,8,1039,150,184.4,219.32,1.0,1,0.717391304347826,-1.0,-1.0,-1.0
