1,1,422,183,62.0,143.0,1.0,1,1.0,0.0,0.0,0.0
1,3,145,191,57.0,142.0,1.0,1,1.0,0.0,0.0,0.0
1,4,85,182,54.0,171.0,1.0,1,0.602122590426684,0.0,0.0,0.0
1,2,218,174,73.0,184.0,1.0,1,1.0,0.0,0.0,0.0
1,5,54,186,53.0,176.0,1.0,1,1.0,0.0,0.0,0.0
2,1,432,181,64.0,145.0,1.0,1,1.0,0.0,0.0,0.0
2,3,146,192,69.0,143.0,1.0,1,1.0,0.0,0.0,0.0
2,4,98,182,41.0,170.0,1.0,1,0.6664275466284074,0.0,0.0,0.0
2,5,56,197,57.0,160.0,1.0,1,1.0,0.0,0.0,0.0
2,2,223,182,74.0,180.0,1.0,1,1.0,0.0,0.0,0.0
3,1,434,187,66.0,135.0,1.0,1,1.0,0.0,0.0,0.0
3,3,151,195,63.0,140.0,1.0,1,1.0,0.0,0.0,0.0
3,4,98,179,53.0,173.0,1.0,1,0.5229577925618933,0.0,0.0,0.0
3,5,62,190,63.0,168.0,1.0,1,1.0,0.0,0.0,0.0
3,2,233,186,70.0,176.0,1.0,1,1.0,0.0,0.0,0.0
4,1,435,179,67.0,146.0,1.0,1,1.0,0.0,0.0,0.0
4,3,163,191,60.0,144.0,1.0,1,1.0,0.0,0.0,0.0
4,4,99,179,56.0,175.0,1.0,1,0.5146938775510204,0.0,0.0,0.0
4,2,239,194,68.0,163.0,1.0,1,1.0,0.0,0.0,0.0
4,5,67,190,61.0,171.0,1.0,1,1.0,0.0,0.0,0.0
5,1,437,186,72.0,138.0,1.0,1,1.0,0.0,0.0,0.0
5,3,172,200,53.0,134.0,1.0,1,1.0,0.0,0.0,0.0
5,5,68,194,66.0,160.0,1.0,1,0.4696969696969697,0.0,0.0,0.0
5,4,99,174,59.0,186.0,1.0,1,1.0,0.0,0.0,0.0
5,2,247,186,63.0,176.0,1.0,1,1.0,0.0,0.0,0.0
6,1,442,182,72.0,140.0,1.0,1,1.0,0.0,0.0,0.0
6,3,176,187,57.0,144.0,1.0,1,1.0,0.0,0.0,0.0
6,6,-22,181,59.0,171.0,1.0,1,0.6271186440677966,0.0,0.0,0.0
6,4,107,172,55.0,181.0,1.0,1,0.31320944249121047,0.0,0.0,0.0
6,5,68,194,82.0,162.0,1.0,1,1.0,0.0,0.0,0.0
6,2,247,185,70.0,173.0,1.0,1,1.0,0.0,0.0,0.0
7,1,449,186,65.0,135.0,1.0,1,1.0,0.0,0.0,0.0
7,3,181,195,55.0,135.0,1.0,1,1.0,0.0,0.0,0.0
7,5,81,192,69.0,156.0,1.0,1,0.5072463768115942,0.0,0.0,0.0
7,4,116,181,58.0,170.0,1.0,1,1.0,0.0,0.0,0.0
7,6,-18,182,61.0,170.0,1.0,1,0.7049180327868853,0.0,0.0,0.0
7,2,246,182,84.0,178.0,1.0,1,1.0,0.0,0.0,0.0
8,3,187,195,55.0,130.0,1.0,1,1.0,0.0,0.0,0.0
8,1,465,187,50.0,139.0,1.0,1,1.0,0.0,0.0,0.0
8,6,-13,187,55.0,162.0,1.0,1,0.7636363636363637,0.0,0.0,0.0
8,4,119,177,66.0,174.0,1.0,1,0.40229885057471265,0.0,0.0,0.0
8,5,86,195,77.0,162.0,1.0,1,1.0,0.0,0.0,0.0
8,2,264,187,64.0,174.0,1.0,1,1.0,0.0,0.0,0.0
9,1,467,190,52.0,132.0,1.0,1,1.0,0.0,0.0,0.0
9,3,188,191,58.0,137.0,1.0,1,1.0,0.0,0.0,0.0
9,6,-13,185,57.0,169.0,1.0,1,0.7719298245614035,0.0,0.0,0.0
9,5,98,187,66.0,169.0,1.0,1,1.0,0.0,0.0,0.0
9,2,271,182,64.0,176.0,1.0,1,1.0,0.0,0.0,0.0
10,1,471,178,53.0,150.0,1.0,1,1.0,0.0,0.0,0.0
10,3,195,185,53.0,145.0,1.0,1,1.0,0.0,0.0,0.0
10,6,-13,182,60.0,170.0,1.0,1,0.7833333333333333,0.0,0.0,0.0
10,2,279,182,52.0,175.0,1.0,1,1.0,0.0,0.0,0.0
10,5,100,190,73.0,170.0,1.0,1,1.0,0.0,0.0,0.0
11,1,472,179,55.0,142.0,1.0,1,1.0,0.0,0.0,0.0
11,3,209,182,46.0,148.0,1.0,1,1.0,0.0,0.0,0.0
11,6,-8,187,51.0,165.0,1.0,1,0.8431372549019608,0.0,0.0,0.0
11,5,104,185,68.0,174.0,1.0,1,1.0,0.0,0.0,0.0
11,2,282,182,55.0,179.0,1.0,1,1.0,0.0,0.0,0.0
12,1,473,181,67.0,148.0,1.0,1,1.0,0.0,0.0,0.0
12,3,211,187,57.0,144.0,1.0,1,1.0,0.0,0.0,0.0
12,6,-8,182,52.0,171.0,1.0,1,0.8461538461538461,0.0,0.0,0.0
12,2,288,177,56.0,181.0,1.0,1,1.0,0.0,0.0,0.0
12,5,108,185,70.0,173.0,1.0,1,1.0,0.0,0.0,0.0
13,1,479,183,69.0,147.0,1.0,1,1.0,0.0,0.0,0.0
13,3,219,185,58.0,146.0,1.0,1,1.0,0.0,0.0,0.0
13,5,123,178,62.0,176.0,1.0,1,1.0,0.0,0.0,0.0
13,6,0,181,52.0,173.0,1.0,1,1.0,0.0,0.0,0.0
13,2,297,185,52.0,171.0,1.0,1,1.0,0.0,0.0,0.0
14,1,490,174,57.0,155.0,1.0,1,1.0,0.0,0.0,0.0
14,3,219,185,61.0,145.0,1.0,1,1.0,0.0,0.0,0.0
14,6,3,183,58.0,169.0,1.0,1,1.0,0.0,0.0,0.0
14,5,127,188,63.0,169.0,1.0,1,1.0,0.0,0.0,0.0
14,2,303,178,59.0,180.0,1.0,1,1.0,0.0,0.0,0.0
15,3,225,190,66.0,134.0,1.0,1,1.0,0.0,0.0,0.0
15,1,494,178,61.0,151.0,1.0,1,1.0,0.0,0.0,0.0
15,6,3,185,56.0,163.0,1.0,1,1.0,0.0,0.0,0.0
15,2,306,176,68.0,181.0,1.0,1,1.0,0.0,0.0,0.0
15,5,130,186,66.0,171.0,1.0,1,1.0,0.0,0.0,0.0
16,1,504,181,56.0,140.0,1.0,1,1.0,0.0,0.0,0.0
16,3,229,190,65.0,136.0,1.0,1,1.0,0.0,0.0,0.0
16,2,311,186,65.0,166.0,1.0,1,1.0,0.0,0.0,0.0
16,5,134,183,72.0,171.0,1.0,1,1.0,0.0,0.0,0.0
16,6,10,183,61.0,173.0,1.0,1,1.0,0.0,0.0,0.0
17,1,502,177,58.0,147.0,1.0,1,1.0,0.0,0.0,0.0
17,3,236,191,67.0,137.0,1.0,1,1.0,0.0,0.0,0.0
17,5,132,194,77.0,155.0,1.0,1,1.0,0.0,0.0,0.0
17,6,11,180,70.0,172.0,1.0,1,1.0,0.0,0.0,0.0
17,2,314,185,74.0,168.0,1.0,1,1.0,0.0,0.0,0.0
18,1,510,185,55.0,137.0,1.0,1,1.0,0.0,0.0,0.0
18,3,241,190,61.0,136.0,1.0,1,1.0,0.0,0.0,0.0
18,6,6,187,82.0,165.0,1.0,1,1.0,0.0,0.0,0.0
18,2,320,188,77.0,169.0,1.0,1,1.0,0.0,0.0,0.0
18,5,149,197,71.0,163.0,1.0,1,1.0,0.0,0.0,0.0
19,3,252,188,55.0,138.0,1.0,1,1.0,0.0,0.0,0.0
19,1,513,185,58.0,145.0,1.0,1,1.0,0.0,0.0,0.0
19,5,154,195,74.0,150.0,1.0,1,1.0,0.0,0.0,0.0
19,6,14,186,68.0,161.0,1.0,1,1.0,0.0,0.0,0.0
19,2,324,179,73.0,177.0,1.0,1,1.0,0.0,0.0,0.0
20,1,510,180,73.0,144.0,1.0,1,1.0,0.0,0.0,0.0
20,3,255,186,56.0,140.0,1.0,1,1.0,0.0,0.0,0.0
20,6,22,187,64.0,164.0,1.0,1,1.0,0.0,0.0,0.0
20,2,328,183,75.0,170.0,1.0,1,1.0,0.0,0.0,0.0
20,5,160,199,73.0,154.0,1.0,1,1.0,0.0,0.0,0.0
21,1,514,179,66.0,143.0,1.0,1,1.0,0.0,0.0,0.0
21,3,266,182,50.0,144.0,1.0,1,1.0,0.0,0.0,0.0
21,6,21,183,70.0,168.0,1.0,1,1.0,0.0,0.0,0.0
21,5,167,191,72.0,161.0,1.0,1,1.0,0.0,0.0,0.0
21,2,342,177,56.0,181.0,1.0,1,1.0,0.0,0.0,0.0
22,3,265,185,55.0,143.0,1.0,1,1.0,0.0,0.0,0.0
22,1,527,176,53.0,153.0,1.0,1,1.0,0.0,0.0,0.0
22,6,24,185,66.0,160.0,1.0,1,0.9242424242424242,0.0,0.0,0.0
22,5,169,188,65.0,164.0,1.0,1,1.0,0.0,0.0,0.0
22,7,-4,183,33.0,170.0,1.0,1,0.8787878787878788,0.0,0.0,0.0
22,2,345,178,59.0,178.0,1.0,1,1.0,0.0,0.0,0.0
23,1,533,183,49.0,142.0,1.0,1,1.0,0.0,0.0,0.0
23,3,278,174,47.0,156.0,1.0,1,1.0,0.0,0.0,0.0
23,6,33,188,62.0,159.0,1.0,1,0.967741935483871,0.0,0.0,0.0
23,2,351,177,61.0,176.0,1.0,1,1.0,0.0,0.0,0.0
23,5,176,190,69.0,163.0,1.0,1,1.0,0.0,0.0,0.0
23,7,-8,180,43.0,174.0,1.0,1,0.813953488372093,0.0,0.0,0.0
24,1,538,177,46.0,148.0,1.0,1,1.0,0.0,0.0,0.0
24,3,278,181,59.0,145.0,1.0,1,1.0,0.0,0.0,0.0
24,6,37,191,57.0,156.0,1.0,1,0.9122807017543859,0.0,0.0,0.0
24,7,-9,178,51.0,173.0,1.0,1,0.8235294117647058,0.0,0.0,0.0
24,2,349,171,69.0,181.0,1.0,1,1.0,0.0,0.0,0.0
24,5,181,192,62.0,162.0,1.0,1,1.0,0.0,0.0,0.0
25,1,547,174,51.0,148.0,1.0,1,1.0,0.0,0.0,0.0
25,3,289,178,54.0,151.0,1.0,1,1.0,0.0,0.0,0.0
25,7,0,183,42.0,164.0,1.0,1,0.8333333333333334,0.0,0.0,0.0
25,6,35,182,65.0,166.0,1.0,1,1.0,0.0,0.0,0.0
25,2,363,172,60.0,179.0,1.0,1,1.0,0.0,0.0,0.0
25,5,187,185,67.0,168.0,1.0,1,1.0,0.0,0.0,0.0
26,1,548,176,53.0,150.0,1.0,1,1.0,0.0,0.0,0.0
26,3,289,179,65.0,151.0,1.0,1,1.0,0.0,0.0,0.0
26,6,40,194,64.0,153.0,1.0,1,0.71875,0.0,0.0,0.0
26,7,-3,180,61.0,169.0,1.0,1,0.9508196721311475,0.0,0.0,0.0
26,5,187,182,75.0,172.0,1.0,1,1.0,0.0,0.0,0.0
26,2,370,171,62.0,186.0,1.0,1,1.0,0.0,0.0,0.0
27,1,550,178,58.0,147.0,1.0,1,1.0,0.0,0.0,0.0
27,3,300,187,61.0,139.0,1.0,1,1.0,0.0,0.0,0.0
27,6,51,183,56.0,161.0,1.0,1,0.8060115350488021,0.0,0.0,0.0
27,7,0,185,62.0,162.0,1.0,1,1.0,0.0,0.0,0.0
27,5,202,182,67.0,170.0,1.0,1,1.0,0.0,0.0,0.0
27,2,374,176,68.0,180.0,1.0,1,1.0,0.0,0.0,0.0
28,3,301,187,69.0,138.0,1.0,1,1.0,0.0,0.0,0.0
28,1,559,186,52.0,142.0,1.0,1,1.0,0.0,0.0,0.0
28,6,53,190,51.0,153.0,1.0,1,0.7058823529411765,0.0,0.0,0.0
28,7,5,187,63.0,160.0,1.0,1,1.0,0.0,0.0,0.0
28,2,381,182,68.0,172.0,1.0,1,1.0,0.0,0.0,0.0
28,5,208,185,58.0,169.0,1.0,1,1.0,0.0,0.0,0.0
29,1,562,182,62.0,140.0,1.0,1,1.0,0.0,0.0,0.0
29,3,312,183,58.0,142.0,1.0,1,1.0,0.0,0.0,0.0
29,6,65,186,48.0,157.0,1.0,1,0.7083333333333334,0.0,0.0,0.0
29,7,5,185,74.0,163.0,1.0,1,1.0,0.0,0.0,0.0
29,2,395,182,59.0,170.0,1.0,1,1.0,0.0,0.0,0.0
29,5,214,183,61.0,173.0,1.0,1,1.0,0.0,0.0,0.0
30,3,315,188,60.0,137.0,1.0,1,1.0,0.0,0.0,0.0
30,1,565,190,54.0,139.0,1.0,1,1.0,0.0,0.0,0.0
30,7,14,187,65.0,156.0,1.0,1,0.7846153846153846,0.0,0.0,0.0
30,6,65,186,56.0,161.0,1.0,1,1.0,0.0,0.0,0.0
30,2,395,176,68.0,173.0,1.0,1,1.0,0.0,0.0,0.0
30,5,218,186,67.0,172.0,1.0,1,1.0,0.0,0.0,0.0
31,3,328,190,53.0,132.0,1.0,1,1.0,0.0,0.0,0.0
31,1,568,192,57.0,134.0,1.0,1,0.5789473684210527,0.0,0.0,0.0
31,5,227,190,64.0,157.0,1.0,1,1.0,0.0,0.0,0.0
31,6,68,190,58.0,157.0,1.0,1,0.6551724137931034,0.0,0.0,0.0
31,2,402,176,65.0,172.0,1.0,1,1.0,0.0,0.0,0.0
31,7,21,182,67.0,166.0,1.0,1,1.0,0.0,0.0,0.0
31,8,601,164,61.0,197.0,1.0,1,0.639344262295082,0.0,0.0,0.0
32,1,571,185,55.0,140.0,1.0,1,0.41818181818181815,0.0,0.0,0.0
32,3,328,190,58.0,136.0,1.0,1,1.0,0.0,0.0,0.0
32,5,228,190,72.0,154.0,1.0,1,1.0,0.0,0.0,0.0
32,7,26,187,63.0,160.0,1.0,1,0.7301587301587301,0.0,0.0,0.0
32,2,403,173,61.0,178.0,1.0,1,1.0,0.0,0.0,0.0
32,6,72,186,64.0,167.0,1.0,1,1.0,0.0,0.0,0.0
32,8,594,162,62.0,194.0,1.0,1,0.7419354838709677,0.0,0.0,0.0
33,3,338,185,48.0,141.0,1.0,1,1.0,0.0,0.0,0.0
33,5,229,186,81.0,157.0,1.0,1,1.0,0.0,0.0,0.0
33,7,30,177,61.0,170.0,1.0,1,0.8249758919961427,0.0,0.0,0.0
33,6,80,182,61.0,167.0,1.0,1,1.0,0.0,0.0,0.0
33,2,412,177,65.0,176.0,1.0,1,1.0,0.0,0.0,0.0
33,8,589,157,72.0,203.0,1.0,1,0.7083333333333334,0.0,0.0,0.0
34,3,337,185,62.0,143.0,1.0,1,1.0,0.0,0.0,0.0
34,7,42,191,57.0,153.0,1.0,1,0.391468868249054,0.0,0.0,0.0
34,6,80,186,69.0,161.0,1.0,1,1.0,0.0,0.0,0.0
34,9,3,194,55.0,153.0,1.0,1,1.0,0.0,0.0,0.0
34,5,247,194,58.0,157.0,1.0,1,1.0,0.0,0.0,0.0
34,2,414,178,65.0,174.0,1.0,1,1.0,0.0,0.0,0.0
34,8,585,157,78.0,203.0,1.0,1,0.7051282051282052,0.0,0.0,0.0
35,3,351,181,48.0,145.0,1.0,1,1.0,0.0,0.0,0.0
35,5,248,188,66.0,157.0,1.0,1,1.0,0.0,0.0,0.0
35,6,90,186,65.0,159.0,1.0,1,0.7846153846153846,0.0,0.0,0.0
35,7,45,180,59.0,165.0,1.0,1,0.5778120184899846,0.0,0.0,0.0
35,9,11,188,46.0,160.0,1.0,1,1.0,0.0,0.0,0.0
35,2,426,173,61.0,176.0,1.0,1,1.0,0.0,0.0,0.0
35,8,577,157,74.0,203.0,1.0,1,0.8513513513513513,0.0,0.0,0.0
36,3,351,182,54.0,142.0,1.0,1,1.0,0.0,0.0,0.0
36,9,10,185,52.0,157.0,1.0,1,0.7115384615384616,0.0,0.0,0.0
36,7,47,179,62.0,168.0,1.0,1,0.8168202764976958,0.0,0.0,0.0
36,5,252,190,58.0,158.0,1.0,1,1.0,0.0,0.0,0.0
36,2,425,174,67.0,175.0,1.0,1,1.0,0.0,0.0,0.0
36,6,97,188,58.0,161.0,1.0,1,1.0,0.0,0.0,0.0
36,8,569,157,64.0,203.0,1.0,1,1.0,0.0,0.0,0.0
37,3,361,182,44.0,142.0,1.0,1,1.0,0.0,0.0,0.0
37,9,12,190,56.0,154.0,1.0,1,0.8928571428571429,0.0,0.0,0.0
37,2,431,173,70.0,172.0,1.0,1,1.0,0.0,0.0,0.0
37,6,89,185,76.0,160.0,1.0,1,0.7123355263157894,0.0,0.0,0.0
37,5,257,185,64.0,162.0,1.0,1,1.0,0.0,0.0,0.0
37,7,62,186,49.0,161.0,1.0,1,1.0,0.0,0.0,0.0
37,8,559,162,65.0,192.0,1.0,1,1.0,0.0,0.0,0.0
38,3,361,182,64.0,143.0,1.0,1,1.0,0.0,0.0,0.0
38,9,15,185,51.0,157.0,1.0,1,0.9411764705882353,0.0,0.0,0.0
38,2,437,172,57.0,173.0,1.0,1,1.0,0.0,0.0,0.0
38,7,63,182,55.0,163.0,1.0,1,0.6630228667038482,0.0,0.0,0.0
38,4,228,173,65.0,174.0,1.0,1,0.6562334217506631,0.0,0.0,0.0
38,6,99,186,63.0,162.0,1.0,1,1.0,0.0,0.0,0.0
38,5,269,185,53.0,168.0,1.0,1,1.0,0.0,0.0,0.0
38,8,559,157,58.0,205.0,1.0,1,1.0,0.0,0.0,0.0
39,3,371,185,54.0,140.0,1.0,1,1.0,0.0,0.0,0.0
39,6,104,187,64.0,153.0,1.0,1,0.671875,0.0,0.0,0.0
39,9,17,185,57.0,160.0,1.0,1,0.9649122807017544,0.0,0.0,0.0
39,7,72,178,53.0,169.0,1.0,1,1.0,0.0,0.0,0.0
39,4,239,181,57.0,167.0,1.0,1,0.543859649122807,0.0,0.0,0.0
39,5,270,177,60.0,171.0,1.0,1,0.5768031189083821,0.0,0.0,0.0
39,2,446,171,64.0,180.0,1.0,1,1.0,0.0,0.0,0.0
39,8,540,160,79.0,198.0,1.0,1,1.0,0.0,0.0,0.0
40,3,371,186,66.0,136.0,1.0,1,1.0,0.0,0.0,0.0
40,7,74,179,65.0,164.0,1.0,1,0.3848030018761726,0.0,0.0,0.0
40,9,19,182,63.0,165.0,1.0,1,1.0,0.0,0.0,0.0
40,4,245,177,56.0,171.0,1.0,1,0.581453634085213,0.0,0.0,0.0
40,6,105,188,64.0,160.0,1.0,1,1.0,0.0,0.0,0.0
40,5,277,181,56.0,168.0,1.0,1,1.0,0.0,0.0,0.0
40,2,458,178,55.0,176.0,1.0,1,1.0,0.0,0.0,0.0
40,8,537,158,70.0,199.0,1.0,1,1.0,0.0,0.0,0.0
41,3,381,186,56.0,136.0,1.0,1,1.0,0.0,0.0,0.0
41,9,30,191,47.0,149.0,1.0,1,1.0,0.0,0.0,0.0
41,7,80,180,59.0,163.0,1.0,1,0.6734948528647188,0.0,0.0,0.0
41,6,119,186,57.0,158.0,1.0,1,1.0,0.0,0.0,0.0
41,2,462,168,58.0,177.0,1.0,1,1.0,0.0,0.0,0.0
41,4,246,178,61.0,169.0,1.0,1,0.6721311475409836,0.0,0.0,0.0
41,5,287,178,60.0,174.0,1.0,1,1.0,0.0,0.0,0.0
41,8,531,159,74.0,195.0,1.0,1,1.0,0.0,0.0,0.0
42,3,381,186,70.0,139.0,1.0,1,1.0,0.0,0.0,0.0
42,6,119,188,58.0,154.0,1.0,1,0.603448275862069,0.0,0.0,0.0
42,7,80,179,62.0,163.0,1.0,1,0.5881654462695428,0.0,0.0,0.0
42,9,25,187,59.0,158.0,1.0,1,1.0,0.0,0.0,0.0
42,2,465,177,63.0,171.0,1.0,1,0.873015873015873,0.0,0.0,0.0
42,4,252,174,64.0,177.0,1.0,1,0.5596751412429378,0.0,0.0,0.0
42,5,287,179,64.0,174.0,1.0,1,1.0,0.0,0.0,0.0
42,8,520,164,78.0,190.0,1.0,1,1.0,0.0,0.0,0.0
43,3,388,187,66.0,142.0,1.0,1,1.0,0.0,0.0,0.0
43,9,30,192,60.0,148.0,1.0,1,0.9166666666666666,0.0,0.0,0.0
43,6,128,182,51.0,161.0,1.0,1,0.6470588235294118,0.0,0.0,0.0
43,7,85,182,61.0,161.0,1.0,1,0.7049180327868853,0.0,0.0,0.0
43,4,254,176,66.0,173.0,1.0,1,0.6656156945174286,0.0,0.0,0.0
43,2,472,169,62.0,183.0,1.0,1,0.7258064516129032,0.0,0.0,0.0
43,5,297,183,61.0,169.0,1.0,1,1.0,0.0,0.0,0.0
43,8,517,160,76.0,196.0,1.0,1,1.0,0.0,0.0,0.0
44,3,393,188,64.0,138.0,1.0,1,1.0,0.0,0.0,0.0
44,7,90,182,60.0,161.0,1.0,1,0.6037267080745342,0.0,0.0,0.0
44,6,130,178,57.0,166.0,1.0,1,1.0,0.0,0.0,0.0
44,9,35,191,59.0,154.0,1.0,1,1.0,0.0,0.0,0.0
44,4,262,177,59.0,171.0,1.0,1,0.6402022004162949,0.0,0.0,0.0
44,5,299,183,69.0,166.0,1.0,1,1.0,0.0,0.0,0.0
44,8,508,162,67.0,190.0,1.0,1,0.4020424194815397,0.0,0.0,0.0
44,2,488,179,64.0,175.0,1.0,1,1.0,0.0,0.0,0.0
45,3,407,187,51.0,138.0,1.0,1,1.0,0.0,0.0,0.0
45,4,264,179,67.0,163.0,1.0,1,0.6630345206482923,0.0,0.0,0.0
45,7,91,183,68.0,159.0,1.0,1,0.6470588235294118,0.0,0.0,0.0
45,5,308,182,69.0,161.0,1.0,1,1.0,0.0,0.0,0.0
45,9,33,192,55.0,153.0,1.0,1,1.0,0.0,0.0,0.0
45,6,135,180,64.0,168.0,1.0,1,1.0,0.0,0.0,0.0
45,8,491,162,84.0,190.0,1.0,1,1.0,0.0,0.0,0.0
46,3,408,188,54.0,137.0,1.0,1,1.0,0.0,0.0,0.0
46,9,44,190,47.0,149.0,1.0,1,1.0,0.0,0.0,0.0
46,7,99,182,61.0,162.0,1.0,1,0.6557377049180327,0.0,0.0,0.0
46,5,308,188,69.0,159.0,1.0,1,0.6811594202898551,0.0,0.0,0.0
46,6,139,178,66.0,170.0,1.0,1,1.0,0.0,0.0,0.0
46,4,265,176,65.0,173.0,1.0,1,1.0,0.0,0.0,0.0
46,8,494,162,61.0,190.0,1.0,1,1.0,0.0,0.0,0.0
47,3,417,180,45.0,145.0,1.0,1,1.0,0.0,0.0,0.0
47,6,148,182,56.0,153.0,1.0,1,0.6984126984126984,0.0,0.0,0.0
47,4,274,178,59.0,165.0,1.0,1,0.8138674884437597,0.0,0.0,0.0
47,7,102,183,63.0,162.0,1.0,1,1.0,0.0,0.0,0.0
47,5,321,192,70.0,155.0,1.0,1,1.0,0.0,0.0,0.0
47,9,37,187,62.0,160.0,1.0,1,1.0,0.0,0.0,0.0
47,8,481,159,73.0,192.0,1.0,1,1.0,0.0,0.0,0.0
48,3,418,181,54.0,145.0,1.0,1,1.0,0.0,0.0,0.0
48,6,150,182,68.0,162.0,1.0,1,0.6176470588235294,0.0,0.0,0.0
48,7,104,177,72.0,167.0,1.0,1,0.6497005988023952,0.0,0.0,0.0
48,5,331,185,63.0,160.0,1.0,1,0.873015873015873,0.0,0.0,0.0
48,8,481,159,59.0,186.0,1.0,1,0.5428285037361035,0.0,0.0,0.0
48,2,511,172,51.0,177.0,1.0,1,1.0,0.0,0.0,0.0
48,9,47,187,56.0,162.0,1.0,1,1.0,0.0,0.0,0.0
48,4,273,178,66.0,173.0,1.0,1,1.0,0.0,0.0,0.0
49,3,427,182,46.0,144.0,1.0,1,0.8913043478260869,0.0,0.0,0.0
49,6,150,178,67.0,157.0,1.0,1,0.5671641791044776,0.0,0.0,0.0
49,7,118,174,61.0,168.0,1.0,1,1.0,0.0,0.0,0.0
49,9,44,190,56.0,154.0,1.0,1,1.0,0.0,0.0,0.0
49,5,334,183,68.0,162.0,1.0,1,0.9264705882352942,0.0,0.0,0.0
49,4,289,176,50.0,171.0,1.0,1,1.0,0.0,0.0,0.0
49,2,515,178,51.0,173.0,1.0,1,0.6470588235294118,0.0,0.0,0.0
49,8,468,158,65.0,198.0,1.0,1,1.0,0.0,0.0,0.0
50,3,430,186,57.0,142.0,1.0,1,0.5964912280701754,0.0,0.0,0.0
50,9,47,186,58.0,153.0,1.0,1,1.0,0.0,0.0,0.0
50,7,122,173,60.0,169.0,1.0,1,0.5981262327416174,0.0,0.0,0.0
50,5,339,182,56.0,161.0,1.0,1,0.9285714285714286,0.0,0.0,0.0
50,6,157,179,68.0,164.0,1.0,1,1.0,0.0,0.0,0.0
50,4,289,176,54.0,169.0,1.0,1,1.0,0.0,0.0,0.0
50,2,520,172,62.0,179.0,1.0,1,0.9193548387096774,0.0,0.0,0.0
50,8,464,154,61.0,202.0,1.0,1,1.0,0.0,0.0,0.0
51,6,163,182,68.0,158.0,1.0,1,0.7205882352941176,0.0,0.0,0.0
51,7,135,171,47.0,171.0,1.0,1,1.0,0.0,0.0,0.0
51,9,56,192,51.0,150.0,1.0,1,1.0,0.0,0.0,0.0
51,4,297,172,52.0,172.0,1.0,1,0.7995304114490162,0.0,0.0,0.0
51,5,338,181,61.0,163.0,1.0,1,0.819672131147541,0.0,0.0,0.0
51,2,523,176,56.0,175.0,1.0,1,0.9821428571428571,0.0,0.0,0.0
51,8,446,158,78.0,198.0,1.0,1,1.0,0.0,0.0,0.0
52,6,165,185,67.0,158.0,1.0,1,0.6268656716417911,0.0,0.0,0.0
52,7,135,171,55.0,172.0,1.0,1,0.5824524312896406,0.0,0.0,0.0
52,5,344,181,61.0,164.0,1.0,1,0.8524590163934426,0.0,0.0,0.0
52,9,57,183,50.0,162.0,1.0,1,1.0,0.0,0.0,0.0
52,2,533,172,59.0,177.0,1.0,1,1.0,0.0,0.0,0.0
52,4,301,171,52.0,180.0,1.0,1,1.0,0.0,0.0,0.0
52,8,446,154,71.0,207.0,1.0,1,1.0,0.0,0.0,0.0
53,9,59,191,52.0,152.0,1.0,1,1.0,0.0,0.0,0.0
53,4,307,172,59.0,172.0,1.0,1,0.8403626330311391,0.0,0.0,0.0
53,6,172,183,66.0,161.0,1.0,1,0.696969696969697,0.0,0.0,0.0
53,7,144,178,48.0,166.0,1.0,1,0.5958835341365462,0.0,0.0,0.0
53,5,356,182,55.0,165.0,1.0,1,1.0,0.0,0.0,0.0
53,2,534,173,62.0,176.0,1.0,1,1.0,0.0,0.0,0.0
53,8,432,165,82.0,188.0,1.0,1,1.0,0.0,0.0,0.0
54,6,173,182,65.0,160.0,1.0,1,0.46153846153846156,0.0,0.0,0.0
54,9,58,181,61.0,161.0,1.0,1,1.0,0.0,0.0,0.0
54,7,146,176,62.0,168.0,1.0,1,1.0,0.0,0.0,0.0
54,4,306,172,65.0,175.0,1.0,1,0.8227692307692308,0.0,0.0,0.0
54,2,548,173,63.0,176.0,1.0,1,1.0,0.0,0.0,0.0
54,5,359,179,52.0,177.0,1.0,1,1.0,0.0,0.0,0.0
54,8,434,162,68.0,194.0,1.0,1,1.0,0.0,0.0,0.0
55,3,459,188,65.0,136.0,1.0,1,0.49230769230769234,0.0,0.0,0.0
55,7,153,180,57.0,159.0,1.0,1,0.47368421052631576,0.0,0.0,0.0
55,9,66,186,59.0,154.0,1.0,1,1.0,0.0,0.0,0.0
55,6,180,180,65.0,162.0,1.0,1,1.0,0.0,0.0,0.0
55,4,311,176,66.0,168.0,1.0,1,0.9096320346320347,0.0,0.0,0.0
55,8,426,162,66.0,185.0,1.0,1,1.0,0.0,0.0,0.0
55,5,371,177,46.0,172.0,1.0,1,1.0,0.0,0.0,0.0
55,2,550,171,65.0,181.0,1.0,1,1.0,0.0,0.0,0.0
56,3,462,188,70.0,140.0,1.0,1,0.6,0.0,0.0,0.0
56,4,312,174,72.0,169.0,1.0,1,0.8333333333333334,0.0,0.0,0.0
56,7,149,174,74.0,169.0,1.0,1,0.5854789700943547,0.0,0.0,0.0
56,6,191,181,52.0,163.0,1.0,1,1.0,0.0,0.0,0.0
56,2,561,177,56.0,170.0,1.0,1,1.0,0.0,0.0,0.0
56,9,67,196,63.0,152.0,1.0,1,1.0,0.0,0.0,0.0
56,5,372,173,55.0,176.0,1.0,1,0.7090909090909091,0.0,0.0,0.0
56,8,411,155,79.0,201.0,1.0,1,1.0,0.0,0.0,0.0
57,3,477,190,56.0,132.0,1.0,1,0.8214285714285714,0.0,0.0,0.0
57,6,197,180,53.0,157.0,1.0,1,0.5849056603773585,0.0,0.0,0.0
57,4,319,177,60.0,162.0,1.0,1,1.0,0.0,0.0,0.0
57,7,158,174,61.0,165.0,1.0,1,1.0,0.0,0.0,0.0
57,5,382,173,50.0,170.0,1.0,1,0.5,0.0,0.0,0.0
57,9,71,190,60.0,157.0,1.0,1,1.0,0.0,0.0,0.0
57,2,559,176,69.0,173.0,1.0,1,1.0,0.0,0.0,0.0
57,8,407,160,80.0,193.0,1.0,1,1.0,0.0,0.0,0.0
58,3,482,191,51.0,138.0,1.0,1,1.0,0.0,0.0,0.0
58,4,328,183,60.0,156.0,1.0,1,1.0,0.0,0.0,0.0
58,6,200,179,50.0,160.0,1.0,1,0.52,0.0,0.0,0.0
58,7,160,173,64.0,166.0,1.0,1,0.6385542168674698,0.0,0.0,0.0
58,9,76,195,60.0,149.0,1.0,1,1.0,0.0,0.0,0.0
58,2,561,174,72.0,179.0,1.0,1,1.0,0.0,0.0,0.0
58,8,397,153,68.0,201.0,1.0,1,1.0,0.0,0.0,0.0
59,3,486,182,52.0,143.0,1.0,1,1.0,0.0,0.0,0.0
59,6,208,173,42.0,158.0,1.0,1,0.5158227848101266,0.0,0.0,0.0
59,7,168,178,61.0,161.0,1.0,1,1.0,0.0,0.0,0.0
59,4,324,176,65.0,167.0,1.0,1,1.0,0.0,0.0,0.0
59,9,67,190,72.0,153.0,1.0,1,1.0,0.0,0.0,0.0
59,2,573,174,64.0,175.0,1.0,1,1.0,0.0,0.0,0.0
59,8,394,158,70.0,195.0,1.0,1,1.0,0.0,0.0,0.0
60,3,487,183,63.0,145.0,1.0,1,1.0,0.0,0.0,0.0
60,9,82,187,58.0,150.0,1.0,1,1.0,0.0,0.0,0.0
60,7,174,181,64.0,161.0,1.0,1,0.53125,0.0,0.0,0.0
60,4,333,186,56.0,157.0,1.0,1,0.9107142857142857,0.0,0.0,0.0
60,6,208,173,60.0,172.0,1.0,1,1.0,0.0,0.0,0.0
60,2,589,178,54.0,174.0,1.0,1,0.9444444444444444,0.0,0.0,0.0
60,8,384,151,62.0,206.0,1.0,1,1.0,0.0,0.0,0.0
61,3,495,180,55.0,145.0,1.0,1,1.0,0.0,0.0,0.0
61,4,330,168,63.0,169.0,1.0,1,0.7142857142857143,0.0,0.0,0.0
61,7,178,176,59.0,161.0,1.0,1,0.5647962943467734,0.0,0.0,0.0
61,6,211,178,62.0,162.0,1.0,1,1.0,0.0,0.0,0.0
61,9,76,185,66.0,157.0,1.0,1,1.0,0.0,0.0,0.0
61,5,411,182,65.0,166.0,1.0,1,0.49230769230769234,0.0,0.0,0.0
61,2,591,173,52.0,179.0,1.0,1,0.9423076923076923,0.0,0.0,0.0
61,8,375,163,69.0,191.0,1.0,1,1.0,0.0,0.0,0.0
62,3,504,190,58.0,135.0,1.0,1,1.0,0.0,0.0,0.0
62,7,179,174,71.0,164.0,1.0,1,0.4915836482308485,0.0,0.0,0.0
62,5,422,183,55.0,156.0,1.0,1,0.7818181818181819,0.0,0.0,0.0
62,9,86,188,72.0,152.0,1.0,1,1.0,0.0,0.0,0.0
62,4,338,172,57.0,171.0,1.0,1,0.5614035087719298,0.0,0.0,0.0
62,6,213,178,71.0,167.0,1.0,1,1.0,0.0,0.0,0.0
62,2,596,174,57.0,186.0,1.0,1,0.7719298245614035,0.0,0.0,0.0
62,8,370,160,64.0,201.0,1.0,1,1.0,0.0,0.0,0.0
63,3,514,177,48.0,148.0,1.0,1,1.0,0.0,0.0,0.0
63,6,222,177,66.0,158.0,1.0,1,0.5606060606060606,0.0,0.0,0.0
63,7,191,174,60.0,163.0,1.0,1,1.0,0.0,0.0,0.0
63,9,98,187,59.0,155.0,1.0,1,1.0,0.0,0.0,0.0
63,5,421,183,57.0,162.0,1.0,1,0.7719298245614035,0.0,0.0,0.0
63,2,601,169,56.0,184.0,1.0,1,0.6964285714285714,0.0,0.0,0.0
63,8,358,162,76.0,197.0,1.0,1,1.0,0.0,0.0,0.0
64,3,514,177,57.0,149.0,1.0,1,1.0,0.0,0.0,0.0
64,7,191,172,63.0,162.0,1.0,1,0.5974916715657457,0.0,0.0,0.0
64,5,421,174,61.0,169.0,1.0,1,0.9180327868852459,0.0,0.0,0.0
64,9,95,181,63.0,163.0,1.0,1,1.0,0.0,0.0,0.0
64,6,228,176,61.0,169.0,1.0,1,1.0,0.0,0.0,0.0
64,2,598,167,68.0,187.0,1.0,1,0.6176470588235294,0.0,0.0,0.0
64,8,356,162,70.0,198.0,1.0,1,1.0,0.0,0.0,0.0
65,3,517,174,54.0,150.0,1.0,1,1.0,0.0,0.0,0.0
65,7,206,176,49.0,158.0,1.0,1,0.4629294755877034,0.0,0.0,0.0
65,6,228,180,64.0,157.0,1.0,1,1.0,0.0,0.0,0.0
65,9,103,181,59.0,157.0,1.0,1,1.0,0.0,0.0,0.0
65,5,423,182,62.0,165.0,1.0,1,0.967741935483871,0.0,0.0,0.0
65,2,592,171,70.0,178.0,1.0,1,0.6857142857142857,0.0,0.0,0.0
65,8,347,173,78.0,184.0,1.0,1,1.0,0.0,0.0,0.0
66,3,517,177,77.0,151.0,1.0,1,1.0,0.0,0.0,0.0
66,6,232,181,66.0,149.0,1.0,1,0.5,0.0,0.0,0.0
66,7,208,176,57.0,159.0,1.0,1,1.0,0.0,0.0,0.0
66,5,435,172,55.0,173.0,1.0,1,1.0,0.0,0.0,0.0
66,9,107,185,57.0,166.0,1.0,1,1.0,0.0,0.0,0.0
66,8,343,167,77.0,193.0,1.0,1,1.0,0.0,0.0,0.0
67,3,531,186,62.0,140.0,1.0,1,1.0,0.0,0.0,0.0
67,7,219,173,46.0,165.0,1.0,1,0.5193675889328063,0.0,0.0,0.0
67,9,105,195,73.0,144.0,1.0,1,1.0,0.0,0.0,0.0
67,5,435,173,53.0,171.0,1.0,1,1.0,0.0,0.0,0.0
67,6,241,186,66.0,159.0,1.0,1,1.0,0.0,0.0,0.0
67,8,334,167,80.0,189.0,1.0,1,1.0,0.0,0.0,0.0
68,3,537,186,61.0,142.0,1.0,1,1.0,0.0,0.0,0.0
68,6,241,176,66.0,155.0,1.0,1,0.5606060606060606,0.0,0.0,0.0
68,7,223,173,47.0,162.0,1.0,1,1.0,0.0,0.0,0.0
68,9,116,179,67.0,163.0,1.0,1,1.0,0.0,0.0,0.0
68,4,366,176,75.0,167.0,1.0,1,0.5733333333333334,0.0,0.0,0.0
68,5,455,172,41.0,172.0,1.0,1,1.0,0.0,0.0,0.0
68,8,330,167,68.0,189.0,1.0,1,1.0,0.0,0.0,0.0
69,3,545,186,56.0,140.0,1.0,1,1.0,0.0,0.0,0.0
69,7,224,174,47.0,159.0,1.0,1,0.48146661314063965,0.0,0.0,0.0
69,6,246,178,55.0,160.0,1.0,1,1.0,0.0,0.0,0.0
69,4,371,176,71.0,167.0,1.0,1,0.6056338028169014,0.0,0.0,0.0
69,5,454,172,56.0,173.0,1.0,1,1.0,0.0,0.0,0.0
69,9,114,182,76.0,166.0,1.0,1,1.0,0.0,0.0,0.0
69,8,320,167,79.0,189.0,1.0,1,1.0,0.0,0.0,0.0
70,3,550,191,55.0,133.0,1.0,1,1.0,0.0,0.0,0.0
70,7,224,177,58.0,161.0,1.0,1,0.41379310344827586,0.0,0.0,0.0
70,6,248,171,59.0,168.0,1.0,1,1.0,0.0,0.0,0.0
70,9,130,188,55.0,152.0,1.0,1,1.0,0.0,0.0,0.0
70,4,377,168,71.0,174.0,1.0,1,1.0,0.0,0.0,0.0
70,5,462,174,53.0,170.0,1.0,1,1.0,0.0,0.0,0.0
70,8,315,165,59.0,187.0,1.0,1,1.0,0.0,0.0,0.0
71,3,555,186,48.0,135.0,1.0,1,1.0,0.0,0.0,0.0
71,6,256,177,50.0,157.0,1.0,1,0.36,0.0,0.0,0.0
71,7,225,171,60.0,163.0,1.0,1,0.5344580777096114,0.0,0.0,0.0
71,4,386,171,67.0,166.0,1.0,1,1.0,0.0,0.0,0.0
71,5,463,178,64.0,162.0,1.0,1,1.0,0.0,0.0,0.0
71,8,303,162,72.0,186.0,1.0,1,1.0,0.0,0.0,0.0
71,9,137,182,57.0,167.0,1.0,1,1.0,0.0,0.0,0.0
72,3,559,191,52.0,138.0,1.0,1,1.0,0.0,0.0,0.0
72,7,238,179,53.0,152.0,1.0,1,0.39622641509433965,0.0,0.0,0.0
72,6,259,169,49.0,164.0,1.0,1,0.8775510204081632,0.0,0.0,0.0
72,4,385,172,65.0,167.0,1.0,1,1.0,0.0,0.0,0.0
72,5,469,180,64.0,160.0,1.0,1,1.0,0.0,0.0,0.0
72,9,144,185,50.0,163.0,1.0,1,1.0,0.0,0.0,0.0
72,8,302,162,58.0,191.0,1.0,1,1.0,0.0,0.0,0.0
73,3,568,182,44.0,144.0,1.0,1,1.0,0.0,0.0,0.0
73,7,233,177,63.0,153.0,1.0,1,0.49424214130096483,0.0,0.0,0.0
73,6,264,178,53.0,160.0,1.0,1,0.39622641509433965,0.0,0.0,0.0
73,4,389,180,68.0,160.0,1.0,1,1.0,0.0,0.0,0.0
73,5,469,179,72.0,166.0,1.0,1,1.0,0.0,0.0,0.0
73,9,145,185,51.0,160.0,1.0,1,1.0,0.0,0.0,0.0
73,8,285,163,74.0,191.0,1.0,1,1.0,0.0,0.0,0.0
74,3,569,179,52.0,149.0,1.0,1,1.0,0.0,0.0,0.0
74,7,239,173,54.0,161.0,1.0,1,0.8333333333333334,0.0,0.0,0.0
74,4,390,179,68.0,163.0,1.0,1,1.0,0.0,0.0,0.0
74,5,472,185,73.0,159.0,1.0,1,1.0,0.0,0.0,0.0
74,9,146,179,56.0,174.0,1.0,1,1.0,0.0,0.0,0.0
74,8,284,162,56.0,198.0,1.0,1,1.0,0.0,0.0,0.0
75,3,574,180,57.0,145.0,1.0,1,1.0,0.0,0.0,0.0
75,7,250,173,55.0,160.0,1.0,1,0.36363636363636365,0.0,0.0,0.0
75,4,394,174,64.0,161.0,1.0,1,1.0,0.0,0.0,0.0
75,5,476,185,79.0,160.0,1.0,1,1.0,0.0,0.0,0.0
75,9,150,182,63.0,163.0,1.0,1,1.0,0.0,0.0,0.0
75,8,270,168,70.0,191.0,1.0,1,1.0,0.0,0.0,0.0
76,3,583,181,55.0,148.0,1.0,1,1.0,0.0,0.0,0.0
76,5,491,186,63.0,153.0,1.0,1,1.0,0.0,0.0,0.0
76,4,398,181,67.0,159.0,1.0,1,1.0,0.0,0.0,0.0
76,9,162,176,46.0,171.0,1.0,1,1.0,0.0,0.0,0.0
76,8,270,168,63.0,197.0,1.0,1,1.0,0.0,0.0,0.0
77,3,587,185,52.0,139.0,1.0,1,1.0,0.0,0.0,0.0
77,4,413,173,55.0,166.0,1.0,1,1.0,0.0,0.0,0.0
77,9,167,178,51.0,164.0,1.0,1,1.0,0.0,0.0,0.0
77,5,494,183,67.0,168.0,1.0,1,1.0,0.0,0.0,0.0
77,8,259,168,72.0,189.0,1.0,1,1.0,0.0,0.0,0.0
78,3,589,185,62.0,143.0,1.0,1,0.8225806451612904,0.0,0.0,0.0
78,6,284,177,73.0,152.0,1.0,1,0.4794520547945205,0.0,0.0,0.0
78,4,417,177,50.0,163.0,1.0,1,1.0,0.0,0.0,0.0
78,5,505,181,59.0,164.0,1.0,1,1.0,0.0,0.0,0.0
78,9,167,178,58.0,167.0,1.0,1,1.0,0.0,0.0,0.0
78,8,254,169,68.0,189.0,1.0,1,1.0,0.0,0.0,0.0
79,6,291,182,66.0,148.0,1.0,1,0.48484848484848486,0.0,0.0,0.0
79,3,592,178,64.0,156.0,1.0,1,0.75,0.0,0.0,0.0
79,4,425,173,48.0,166.0,1.0,1,1.0,0.0,0.0,0.0
79,9,165,181,66.0,161.0,1.0,1,1.0,0.0,0.0,0.0
79,5,508,181,56.0,167.0,1.0,1,1.0,0.0,0.0,0.0
79,8,242,173,83.0,184.0,1.0,1,1.0,0.0,0.0,0.0
80,3,601,182,61.0,146.0,1.0,1,0.639344262295082,0.0,0.0,0.0
80,6,301,178,58.0,159.0,1.0,1,0.7758620689655172,0.0,0.0,0.0
80,4,425,172,60.0,168.0,1.0,1,1.0,0.0,0.0,0.0
80,9,174,179,63.0,163.0,1.0,1,1.0,0.0,0.0,0.0
80,5,515,177,56.0,170.0,1.0,1,1.0,0.0,0.0,0.0
80,8,242,169,72.0,192.0,1.0,1,1.0,0.0,0.0,0.0
81,3,596,181,72.0,147.0,1.0,1,0.6111111111111112,0.0,0.0,0.0
81,4,421,169,67.0,168.0,1.0,1,1.0,0.0,0.0,0.0
81,6,301,178,56.0,159.0,1.0,1,0.7321428571428571,0.0,0.0,0.0
81,9,176,179,66.0,165.0,1.0,1,0.8787878787878788,0.0,0.0,0.0
81,5,518,174,59.0,177.0,1.0,1,1.0,0.0,0.0,0.0
81,8,234,168,82.0,191.0,1.0,1,1.0,0.0,0.0,0.0
82,6,310,180,55.0,148.0,1.0,1,0.36363636363636365,0.0,0.0,0.0
82,7,279,172,66.0,162.0,1.0,1,0.7424242424242424,0.0,0.0,0.0
82,9,190,183,56.0,159.0,1.0,1,0.7678571428571429,0.0,0.0,0.0
82,5,534,174,48.0,171.0,1.0,1,1.0,0.0,0.0,0.0
82,4,444,172,70.0,179.0,1.0,1,1.0,0.0,0.0,0.0
82,8,233,165,63.0,195.0,1.0,1,1.0,0.0,0.0,0.0
83,7,282,177,61.0,153.0,1.0,1,0.24718739954998392,0.0,0.0,0.0
83,6,310,182,57.0,152.0,1.0,1,1.0,0.0,0.0,0.0
83,5,534,176,62.0,166.0,1.0,1,1.0,0.0,0.0,0.0
83,9,194,185,53.0,158.0,1.0,1,0.5471698113207547,0.0,0.0,0.0
83,4,430,165,60.0,180.0,1.0,1,1.0,0.0,0.0,0.0
83,8,223,167,73.0,192.0,1.0,1,1.0,0.0,0.0,0.0
84,6,317,176,54.0,153.0,1.0,1,0.4444444444444444,0.0,0.0,0.0
84,7,287,176,60.0,157.0,1.0,1,1.0,0.0,0.0,0.0
84,4,442,176,64.0,168.0,1.0,1,1.0,0.0,0.0,0.0
84,5,541,173,64.0,174.0,1.0,1,1.0,0.0,0.0,0.0
84,8,220,162,50.0,198.0,1.0,1,1.0,0.0,0.0,0.0
85,6,324,179,53.0,159.0,1.0,1,0.37735849056603776,0.0,0.0,0.0
85,4,440,171,69.0,168.0,1.0,1,1.0,0.0,0.0,0.0
85,10,610,186,52.0,153.0,1.0,1,0.46153846153846156,0.0,0.0,0.0
85,7,294,178,63.0,164.0,1.0,1,1.0,0.0,0.0,0.0
85,5,545,176,71.0,167.0,1.0,1,1.0,0.0,0.0,0.0
85,8,208,168,62.0,191.0,1.0,1,1.0,0.0,0.0,0.0
86,6,329,173,48.0,155.0,1.0,1,0.4114247311827957,0.0,0.0,0.0
86,7,302,177,56.0,152.0,1.0,1,1.0,0.0,0.0,0.0
86,4,441,176,67.0,163.0,1.0,1,1.0,0.0,0.0,0.0
86,5,551,187,69.0,152.0,1.0,1,0.7536231884057971,0.0,0.0,0.0
86,10,603,186,55.0,156.0,1.0,1,0.6727272727272727,0.0,0.0,0.0
86,8,208,164,56.0,197.0,1.0,1,1.0,0.0,0.0,0.0
87,7,302,176,61.0,158.0,1.0,1,0.47540983606557374,0.0,0.0,0.0
87,6,331,171,64.0,166.0,1.0,1,1.0,0.0,0.0,0.0
87,4,448,176,63.0,166.0,1.0,1,1.0,0.0,0.0,0.0
87,10,598,185,53.0,157.0,1.0,1,0.36401874774666504,0.0,0.0,0.0
87,5,556,187,65.0,156.0,1.0,1,1.0,0.0,0.0,0.0
87,8,191,174,77.0,191.0,1.0,1,1.0,0.0,0.0,0.0
88,6,343,173,54.0,158.0,1.0,1,0.5639943741209564,0.0,0.0,0.0
88,7,302,176,65.0,159.0,1.0,1,1.0,0.0,0.0,0.0
88,5,562,191,63.0,151.0,1.0,1,1.0,0.0,0.0,0.0
88,4,448,176,69.0,169.0,1.0,1,1.0,0.0,0.0,0.0
88,9,220,179,63.0,169.0,1.0,1,0.4603174603174603,0.0,0.0,0.0
88,8,190,174,64.0,191.0,1.0,1,1.0,0.0,0.0,0.0
89,6,343,174,66.0,159.0,1.0,1,0.6212121212121212,0.0,0.0,0.0
89,7,312,174,56.0,161.0,1.0,1,1.0,0.0,0.0,0.0
89,4,450,176,68.0,163.0,1.0,1,1.0,0.0,0.0,0.0
89,5,565,190,64.0,149.0,1.0,1,1.0,0.0,0.0,0.0
89,9,229,182,63.0,171.0,1.0,1,0.6031746031746031,0.0,0.0,0.0
89,8,183,178,71.0,179.0,1.0,1,1.0,0.0,0.0,0.0
90,6,344,176,67.0,157.0,1.0,1,0.5522388059701493,0.0,0.0,0.0
90,7,314,176,60.0,157.0,1.0,1,0.5,0.0,0.0,0.0
90,5,575,176,58.0,161.0,1.0,1,1.0,0.0,0.0,0.0
90,9,232,178,62.0,162.0,1.0,1,0.7755874153723616,0.0,0.0,0.0
90,4,454,182,64.0,162.0,1.0,1,1.0,0.0,0.0,0.0
90,8,183,179,63.0,178.0,1.0,1,1.0,0.0,0.0,0.0
91,6,349,178,68.0,151.0,1.0,1,0.567588624853915,0.0,0.0,0.0
91,4,464,174,59.0,164.0,1.0,1,1.0,0.0,0.0,0.0
91,7,328,181,51.0,158.0,1.0,1,1.0,0.0,0.0,0.0
91,5,580,182,59.0,163.0,1.0,1,1.0,0.0,0.0,0.0
91,9,239,183,62.0,162.0,1.0,1,0.8225806451612904,0.0,0.0,0.0
91,8,168,176,82.0,187.0,1.0,1,1.0,0.0,0.0,0.0
92,7,328,174,54.0,154.0,1.0,1,0.5757575757575758,0.0,0.0,0.0
92,6,358,181,65.0,152.0,1.0,1,1.0,0.0,0.0,0.0
92,10,568,179,51.0,159.0,1.0,1,0.5603650265137502,0.0,0.0,0.0
92,9,247,191,60.0,151.0,1.0,1,1.0,0.0,0.0,0.0
92,4,464,173,60.0,172.0,1.0,1,1.0,0.0,0.0,0.0
92,5,596,183,60.0,165.0,1.0,1,0.7333333333333333,0.0,0.0,0.0
92,8,168,176,64.0,181.0,1.0,1,1.0,0.0,0.0,0.0
93,7,339,173,55.0,156.0,1.0,1,0.37902097902097903,0.0,0.0,0.0
93,6,358,181,63.0,154.0,1.0,1,1.0,0.0,0.0,0.0
93,10,564,190,58.0,147.0,1.0,1,0.5862068965517241,0.0,0.0,0.0
93,4,474,176,54.0,167.0,1.0,1,0.5842758926591262,0.0,0.0,0.0
93,5,598,176,53.0,167.0,1.0,1,0.7924528301886793,0.0,0.0,0.0
93,9,239,182,83.0,161.0,1.0,1,1.0,0.0,0.0,0.0
93,11,505,180,59.0,163.0,1.0,1,0.6101694915254238,0.0,0.0,0.0
93,8,154,173,60.0,186.0,1.0,1,1.0,0.0,0.0,0.0
94,7,344,168,53.0,162.0,1.0,1,0.4798509201024924,0.0,0.0,0.0
94,6,368,176,55.0,158.0,1.0,1,1.0,0.0,0.0,0.0
94,10,564,195,57.0,142.0,1.0,1,0.6491228070175439,0.0,0.0,0.0
94,11,500,183,70.0,160.0,1.0,1,0.6,0.0,0.0,0.0
94,4,479,176,49.0,168.0,1.0,1,1.0,0.0,0.0,0.0
94,5,607,181,47.0,163.0,1.0,1,0.7021276595744681,0.0,0.0,0.0
94,9,252,179,68.0,169.0,1.0,1,1.0,0.0,0.0,0.0
94,8,155,171,54.0,192.0,1.0,1,1.0,0.0,0.0,0.0
95,7,345,169,53.0,161.0,1.0,1,0.4585726004922067,0.0,0.0,0.0
95,6,368,176,60.0,159.0,1.0,1,1.0,0.0,0.0,0.0
95,10,554,190,49.0,148.0,1.0,1,0.7142857142857143,0.0,0.0,0.0
95,5,608,176,48.0,164.0,1.0,1,0.6666666666666666,0.0,0.0,0.0
95,9,265,183,59.0,157.0,1.0,1,1.0,0.0,0.0,0.0
95,4,485,172,48.0,170.0,1.0,1,0.6448529411764706,0.0,0.0,0.0
95,11,515,181,53.0,161.0,1.0,1,0.660377358490566,0.0,0.0,0.0
95,8,141,167,68.0,196.0,1.0,1,1.0,0.0,0.0,0.0
96,7,349,171,55.0,162.0,1.0,1,0.5097643097643098,0.0,0.0,0.0
96,6,376,177,54.0,157.0,1.0,1,1.0,0.0,0.0,0.0
96,10,551,183,64.0,161.0,1.0,1,0.5625,0.0,0.0,0.0
96,4,486,172,52.0,173.0,1.0,1,0.5497999110715873,0.0,0.0,0.0
96,9,266,178,59.0,167.0,1.0,1,1.0,0.0,0.0,0.0
96,11,513,183,66.0,162.0,1.0,1,0.6212121212121212,0.0,0.0,0.0
96,8,141,168,55.0,195.0,1.0,1,1.0,0.0,0.0,0.0
97,6,376,177,54.0,157.0,1.0,1,0.3888888888888889,0.0,0.0,0.0
97,7,357,171,52.0,166.0,1.0,1,1.0,0.0,0.0,0.0
97,9,271,172,59.0,170.0,1.0,1,1.0,0.0,0.0,0.0
97,10,543,187,53.0,157.0,1.0,1,0.3242398750150222,0.0,0.0,0.0
97,11,519,188,60.0,156.0,1.0,1,0.0,0.0,0.0,0.0
97,4,495,171,55.0,176.0,1.0,1,1.0,0.0,0.0,0.0
97,8,123,167,78.0,201.0,1.0,1,1.0,0.0,0.0,0.0
98,6,393,173,42.0,161.0,1.0,1,0.5,0.0,0.0,0.0
98,7,357,172,57.0,165.0,1.0,1,1.0,0.0,0.0,0.0
98,9,271,172,59.0,168.0,1.0,1,1.0,0.0,0.0,0.0
98,11,527,183,55.0,157.0,1.0,1,0.5636363636363636,0.0,0.0,0.0
98,4,497,169,54.0,178.0,1.0,1,1.0,0.0,0.0,0.0
98,8,125,171,63.0,192.0,1.0,1,1.0,0.0,0.0,0.0
99,7,362,173,59.0,162.0,1.0,1,0.5254237288135594,0.0,0.0,0.0
99,9,284,172,53.0,165.0,1.0,1,1.0,0.0,0.0,0.0
99,6,393,173,48.0,165.0,1.0,1,1.0,0.0,0.0,0.0
99,11,533,187,59.0,157.0,1.0,1,0.559322033898305,0.0,0.0,0.0
99,4,497,165,62.0,180.0,1.0,1,1.0,0.0,0.0,0.0
99,8,116,171,72.0,192.0,1.0,1,1.0,0.0,0.0,0.0
100,7,365,179,53.0,154.0,1.0,1,0.6037735849056604,0.0,0.0,0.0
100,6,397,171,53.0,163.0,1.0,1,1.0,0.0,0.0,0.0
100,11,534,182,58.0,156.0,1.0,1,0.3793103448275862,0.0,0.0,0.0
100,9,288,167,56.0,173.0,1.0,1,1.0,0.0,0.0,0.0
100,4,501,167,69.0,178.0,1.0,1,1.0,0.0,0.0,0.0
100,8,111,168,65.0,190.0,1.0,1,1.0,0.0,0.0,0.0
101,7,370,174,51.0,163.0,1.0,1,0.5294117647058824,0.0,0.0,0.0
101,6,397,171,65.0,169.0,1.0,1,1.0,0.0,0.0,0.0
101,11,536,182,62.0,158.0,1.0,1,0.3709677419354839,0.0,0.0,0.0
101,4,502,178,73.0,164.0,1.0,1,1.0,0.0,0.0,0.0
101,9,300,172,49.0,172.0,1.0,1,1.0,0.0,0.0,0.0
101,8,109,178,67.0,185.0,1.0,1,1.0,0.0,0.0,0.0
102,7,371,174,56.0,157.0,1.0,1,0.7321428571428571,0.0,0.0,0.0
102,6,412,172,47.0,162.0,1.0,1,1.0,0.0,0.0,0.0
102,9,299,172,68.0,167.0,1.0,1,1.0,0.0,0.0,0.0
102,11,537,185,64.0,154.0,1.0,1,0.328125,0.0,0.0,0.0
102,4,504,177,76.0,174.0,1.0,1,1.0,0.0,0.0,0.0
102,8,97,181,70.0,179.0,1.0,1,1.0,0.0,0.0,0.0
103,7,375,173,60.0,156.0,1.0,1,0.65,0.0,0.0,0.0
103,11,541,179,61.0,158.0,1.0,1,0.3647022203776717,0.0,0.0,0.0
103,6,414,172,53.0,166.0,1.0,1,1.0,0.0,0.0,0.0
103,4,514,180,66.0,164.0,1.0,1,1.0,0.0,0.0,0.0
103,9,305,179,70.0,165.0,1.0,1,1.0,0.0,0.0,0.0
103,8,94,172,75.0,186.0,1.0,1,1.0,0.0,0.0,0.0
104,6,413,177,56.0,154.0,1.0,1,0.42857142857142855,0.0,0.0,0.0
104,7,390,173,55.0,161.0,1.0,1,1.0,0.0,0.0,0.0
104,9,314,182,61.0,156.0,1.0,1,1.0,0.0,0.0,0.0
104,11,550,181,56.0,161.0,1.0,1,0.3392857142857143,0.0,0.0,0.0
104,4,518,179,69.0,166.0,1.0,1,1.0,0.0,0.0,0.0
104,8,94,177,64.0,180.0,1.0,1,1.0,0.0,0.0,0.0
105,7,393,168,53.0,156.0,1.0,1,0.4702467343976778,0.0,0.0,0.0
105,6,416,178,56.0,152.0,1.0,1,1.0,0.0,0.0,0.0
105,10,500,182,56.0,151.0,1.0,1,0.30357142857142855,0.0,0.0,0.0
105,4,517,178,70.0,160.0,1.0,1,0.49785714285714283,0.0,0.0,0.0
105,11,550,186,67.0,152.0,1.0,1,0.44776119402985076,0.0,0.0,0.0
105,9,314,169,67.0,178.0,1.0,1,1.0,0.0,0.0,0.0
105,8,86,171,72.0,187.0,1.0,1,1.0,0.0,0.0,0.0
106,6,427,180,50.0,148.0,1.0,1,0.52,0.0,0.0,0.0
106,7,395,169,56.0,164.0,1.0,1,1.0,0.0,0.0,0.0
106,10,497,190,55.0,147.0,1.0,1,0.6181818181818182,0.0,0.0,0.0
106,9,324,177,58.0,166.0,1.0,1,1.0,0.0,0.0,0.0
106,11,560,182,59.0,162.0,1.0,1,0.5254237288135594,0.0,0.0,0.0
106,4,531,172,57.0,176.0,1.0,1,1.0,0.0,0.0,0.0
106,8,81,171,58.0,191.0,1.0,1,1.0,0.0,0.0,0.0
107,7,393,169,65.0,162.0,1.0,1,0.5958214624881292,0.0,0.0,0.0
107,6,430,179,48.0,154.0,1.0,1,1.0,0.0,0.0,0.0
107,10,490,188,58.0,145.0,1.0,1,0.7241379310344828,0.0,0.0,0.0
107,11,564,186,61.0,157.0,1.0,1,0.5245901639344263,0.0,0.0,0.0
107,9,328,176,61.0,169.0,1.0,1,1.0,0.0,0.0,0.0
107,4,532,171,61.0,177.0,1.0,1,1.0,0.0,0.0,0.0
107,8,74,174,63.0,188.0,1.0,1,1.0,0.0,0.0,0.0
108,6,430,177,51.0,153.0,1.0,1,0.4117647058823529,0.0,0.0,0.0
108,7,409,169,51.0,162.0,1.0,1,1.0,0.0,0.0,0.0
108,10,490,197,48.0,140.0,1.0,1,0.875,0.0,0.0,0.0
108,9,335,165,53.0,175.0,1.0,1,1.0,0.0,0.0,0.0
108,11,570,188,61.0,156.0,1.0,1,0.639344262295082,0.0,0.0,0.0
108,4,532,173,60.0,175.0,1.0,1,1.0,0.0,0.0,0.0
108,8,74,173,52.0,188.0,1.0,1,1.0,0.0,0.0,0.0
109,6,435,176,53.0,153.0,1.0,1,0.3514613392526822,0.0,0.0,0.0
109,7,413,165,51.0,165.0,1.0,1,1.0,0.0,0.0,0.0
109,10,482,192,47.0,143.0,1.0,1,1.0,0.0,0.0,0.0
109,11,570,188,65.0,157.0,1.0,1,0.5846153846153846,0.0,0.0,0.0
109,4,548,172,49.0,175.0,1.0,1,1.0,0.0,0.0,0.0
109,9,340,164,62.0,188.0,1.0,1,1.0,0.0,0.0,0.0
109,8,63,174,63.0,187.0,1.0,1,1.0,0.0,0.0,0.0
110,6,437,172,57.0,157.0,1.0,1,0.09978768577494693,0.0,0.0,0.0
110,7,422,171,49.0,160.0,1.0,1,1.0,0.0,0.0,0.0
110,10,476,178,65.0,160.0,1.0,1,1.0,0.0,0.0,0.0
110,4,548,168,59.0,177.0,1.0,1,0.6337259408216029,0.0,0.0,0.0
110,9,345,163,58.0,184.0,1.0,1,1.0,0.0,0.0,0.0
110,11,582,192,57.0,156.0,1.0,1,1.0,0.0,0.0,0.0
110,8,63,174,50.0,180.0,1.0,1,1.0,0.0,0.0,0.0
111,6,449,181,57.0,150.0,1.0,1,0.031578947368421054,0.0,0.0,0.0
111,7,417,172,59.0,159.0,1.0,1,0.5682763031659738,0.0,0.0,0.0
111,10,469,190,50.0,152.0,1.0,1,1.0,0.0,0.0,0.0
111,9,345,163,69.0,180.0,1.0,1,1.0,0.0,0.0,0.0
111,11,579,186,56.0,157.0,1.0,1,0.35714285714285715,0.0,0.0,0.0
111,4,559,164,56.0,181.0,1.0,1,1.0,0.0,0.0,0.0
111,8,56,174,61.0,184.0,1.0,1,1.0,0.0,0.0,0.0
112,7,426,173,50.0,157.0,1.0,1,0.7780891719745223,0.0,0.0,0.0
112,10,463,196,47.0,141.0,1.0,1,1.0,0.0,0.0,0.0
112,9,353,171,73.0,168.0,1.0,1,1.0,0.0,0.0,0.0
112,11,601,187,39.0,161.0,1.0,1,0.41025641025641024,0.0,0.0,0.0
112,4,560,167,64.0,185.0,1.0,1,1.0,0.0,0.0,0.0
112,8,56,177,57.0,181.0,1.0,1,1.0,0.0,0.0,0.0
113,7,426,176,55.0,157.0,1.0,1,0.4853503184713376,0.0,0.0,0.0
113,10,462,190,51.0,150.0,1.0,1,1.0,0.0,0.0,0.0
113,9,356,173,81.0,169.0,1.0,1,1.0,0.0,0.0,0.0
113,4,568,172,62.0,175.0,1.0,1,1.0,0.0,0.0,0.0
113,8,45,182,66.0,174.0,1.0,1,1.0,0.0,0.0,0.0
114,10,457,188,47.0,146.0,1.0,1,1.0,0.0,0.0,0.0
114,9,371,176,70.0,166.0,1.0,1,1.0,0.0,0.0,0.0
114,4,569,173,61.0,171.0,1.0,1,1.0,0.0,0.0,0.0
114,8,42,185,63.0,180.0,1.0,1,1.0,0.0,0.0,0.0
115,6,464,177,61.0,149.0,1.0,1,0.44548355154582464,0.0,0.0,0.0
115,9,372,176,72.0,162.0,1.0,1,1.0,0.0,0.0,0.0
115,10,444,186,56.0,152.0,1.0,1,1.0,0.0,0.0,0.0
115,4,573,172,62.0,173.0,1.0,1,1.0,0.0,0.0,0.0
115,8,34,182,73.0,180.0,1.0,1,1.0,0.0,0.0,0.0
116,6,460,171,78.0,159.0,1.0,1,0.542009353330108,0.0,0.0,0.0
116,10,440,188,60.0,151.0,1.0,1,0.8166666666666667,0.0,0.0,0.0
116,9,381,176,70.0,164.0,1.0,1,1.0,0.0,0.0,0.0
116,4,571,169,71.0,183.0,1.0,1,0.971830985915493,0.0,0.0,0.0
116,8,31,182,69.0,183.0,1.0,1,1.0,0.0,0.0,0.0
117,6,465,173,76.0,156.0,1.0,1,0.6551113360323887,0.0,0.0,0.0
117,10,440,188,54.0,150.0,1.0,1,0.7222222222222222,0.0,0.0,0.0
117,9,384,173,71.0,171.0,1.0,1,1.0,0.0,0.0,0.0
117,4,585,171,62.0,183.0,1.0,1,0.8870967741935484,0.0,0.0,0.0
117,8,24,178,71.0,185.0,1.0,1,1.0,0.0,0.0,0.0
118,6,481,186,62.0,140.0,1.0,1,0.8433179723502304,0.0,0.0,0.0
118,10,431,190,60.0,148.0,1.0,1,0.55,0.0,0.0,0.0
118,9,397,174,61.0,166.0,1.0,1,1.0,0.0,0.0,0.0
118,4,585,173,63.0,169.0,1.0,1,0.873015873015873,0.0,0.0,0.0
118,8,24,178,47.0,174.0,1.0,1,1.0,0.0,0.0,0.0
119,6,487,179,58.0,152.0,1.0,1,1.0,0.0,0.0,0.0
119,9,400,172,62.0,176.0,1.0,1,1.0,0.0,0.0,0.0
119,4,583,167,75.0,184.0,1.0,1,0.76,0.0,0.0,0.0
119,8,11,177,61.0,175.0,1.0,1,1.0,0.0,0.0,0.0
120,7,464,168,50.0,160.0,1.0,1,0.421625,0.0,0.0,0.0
120,6,490,181,62.0,148.0,1.0,1,1.0,0.0,0.0,0.0
120,9,409,171,62.0,174.0,1.0,1,1.0,0.0,0.0,0.0
120,4,596,168,60.0,181.0,1.0,1,0.7333333333333333,0.0,0.0,0.0
120,8,7,172,60.0,189.0,1.0,1,1.0,0.0,0.0,0.0
121,7,465,169,55.0,159.0,1.0,1,0.29251000571755287,0.0,0.0,0.0
121,6,492,179,58.0,155.0,1.0,1,1.0,0.0,0.0,0.0
121,4,602,173,59.0,171.0,1.0,1,0.6440677966101694,0.0,0.0,0.0
121,9,411,173,67.0,171.0,1.0,1,1.0,0.0,0.0,0.0
121,8,6,178,62.0,181.0,1.0,1,1.0,0.0,0.0,0.0
122,6,500,174,52.0,154.0,1.0,1,0.4807692307692308,0.0,0.0,0.0
122,7,473,172,54.0,157.0,1.0,1,0.8888888888888888,0.0,0.0,0.0
122,9,432,168,47.0,176.0,1.0,1,1.0,0.0,0.0,0.0
122,4,605,167,57.0,178.0,1.0,1,0.6140350877192983,0.0,0.0,0.0
122,8,6,178,50.0,178.0,1.0,1,1.0,0.0,0.0,0.0
123,6,502,176,54.0,149.0,1.0,1,0.5,0.0,0.0,0.0
123,7,476,167,53.0,162.0,1.0,1,0.812485441416259,0.0,0.0,0.0
123,10,400,191,54.0,148.0,1.0,1,0.5925925925925926,0.0,0.0,0.0
123,9,432,168,54.0,181.0,1.0,1,1.0,0.0,0.0,0.0
123,8,-2,176,63.0,180.0,1.0,1,0.9682539682539683,0.0,0.0,0.0
124,6,502,171,62.0,160.0,1.0,1,0.43548387096774194,0.0,0.0,0.0
124,7,479,171,58.0,164.0,1.0,1,0.7068965517241379,0.0,0.0,0.0
124,10,395,191,60.0,148.0,1.0,1,0.7833333333333333,0.0,0.0,0.0
124,9,442,171,54.0,178.0,1.0,1,1.0,0.0,0.0,0.0
124,8,-3,180,66.0,179.0,1.0,1,0.9545454545454546,0.0,0.0,0.0
125,6,508,174,58.0,156.0,1.0,1,0.45534924845269675,0.0,0.0,0.0
125,7,476,176,64.0,157.0,1.0,1,0.671875,0.0,0.0,0.0
125,9,444,168,53.0,176.0,1.0,1,0.6781732418524872,0.0,0.0,0.0
125,10,388,186,75.0,158.0,1.0,1,0.7466666666666667,0.0,0.0,0.0
125,8,-12,178,65.0,178.0,1.0,1,0.8153846153846154,0.0,0.0,0.0
126,6,514,173,55.0,158.0,1.0,1,0.4,0.0,0.0,0.0
126,7,492,173,55.0,158.0,1.0,1,0.16363636363636364,0.0,0.0,0.0
126,10,385,191,64.0,149.0,1.0,1,1.0,0.0,0.0,0.0
126,9,449,173,56.0,174.0,1.0,1,1.0,0.0,0.0,0.0
126,8,-9,183,58.0,166.0,1.0,1,0.8448275862068966,0.0,0.0,0.0
127,6,518,173,57.0,160.0,1.0,1,1.0,0.0,0.0,0.0
127,10,381,190,58.0,149.0,1.0,1,1.0,0.0,0.0,0.0
127,9,454,172,63.0,172.0,1.0,1,1.0,0.0,0.0,0.0
127,8,-25,174,73.0,175.0,1.0,1,0.6575342465753424,0.0,0.0,0.0
128,6,523,171,55.0,155.0,1.0,1,1.0,0.0,0.0,0.0
128,10,372,181,60.0,157.0,1.0,1,1.0,0.0,0.0,0.0
128,9,459,167,64.0,178.0,1.0,1,1.0,0.0,0.0,0.0
128,8,-13,185,56.0,163.0,1.0,1,0.7678571428571429,0.0,0.0,0.0
129,6,524,169,65.0,162.0,1.0,1,1.0,0.0,0.0,0.0
129,10,367,177,59.0,162.0,1.0,1,1.0,0.0,0.0,0.0
129,9,459,168,65.0,179.0,1.0,1,1.0,0.0,0.0,0.0
130,6,532,172,60.0,158.0,1.0,1,1.0,0.0,0.0,0.0
130,10,366,182,59.0,156.0,1.0,1,1.0,0.0,0.0,0.0
130,9,473,172,50.0,171.0,1.0,1,1.0,0.0,0.0,0.0
131,6,532,172,70.0,161.0,1.0,1,0.9428571428571428,0.0,0.0,0.0
131,10,358,190,62.0,150.0,1.0,1,1.0,0.0,0.0,0.0
131,9,474,169,62.0,178.0,1.0,1,1.0,0.0,0.0,0.0
132,6,547,176,58.0,155.0,1.0,1,1.0,0.0,0.0,0.0
132,10,353,187,58.0,150.0,1.0,1,1.0,0.0,0.0,0.0
132,9,487,163,54.0,181.0,1.0,1,1.0,0.0,0.0,0.0
133,6,547,176,56.0,154.0,1.0,1,0.875,0.0,0.0,0.0
133,10,352,194,56.0,146.0,1.0,1,1.0,0.0,0.0,0.0
133,9,487,163,67.0,193.0,1.0,1,1.0,0.0,0.0,0.0
134,6,555,174,51.0,155.0,1.0,1,0.9019607843137255,0.0,0.0,0.0
134,10,342,200,66.0,138.0,1.0,1,1.0,0.0,0.0,0.0
134,9,491,168,69.0,183.0,1.0,1,1.0,0.0,0.0,0.0
135,6,555,176,55.0,157.0,1.0,1,0.8,0.0,0.0,0.0
135,10,345,206,62.0,136.0,1.0,1,1.0,0.0,0.0,0.0
135,9,494,165,72.0,184.0,1.0,1,1.0,0.0,0.0,0.0
136,12,-12,188,45.0,138.0,1.0,1,0.7333333333333333,0.0,0.0,0.0
136,10,333,185,62.0,146.0,1.0,1,1.0,0.0,0.0,0.0
136,6,561,176,51.0,159.0,1.0,1,0.803921568627451,0.0,0.0,0.0
136,9,514,164,57.0,181.0,1.0,1,1.0,0.0,0.0,0.0
137,12,-12,183,43.0,143.0,1.0,1,0.7209302325581395,0.0,0.0,0.0
137,6,562,174,55.0,160.0,1.0,1,0.5818181818181818,0.0,0.0,0.0
137,10,326,187,58.0,147.0,1.0,1,1.0,0.0,0.0,0.0
137,9,519,162,66.0,189.0,1.0,1,1.0,0.0,0.0,0.0
138,12,-17,185,55.0,135.0,1.0,1,0.6909090909090909,0.0,0.0,0.0
138,6,571,173,57.0,155.0,1.0,1,0.6903225806451613,0.0,0.0,0.0
138,10,319,185,63.0,148.0,1.0,1,1.0,0.0,0.0,0.0
138,9,524,176,65.0,171.0,1.0,1,1.0,0.0,0.0,0.0
139,12,-9,181,49.0,141.0,1.0,1,0.8163265306122449,0.0,0.0,0.0
139,6,573,168,57.0,165.0,1.0,1,0.582668793195109,0.0,0.0,0.0
139,10,319,185,53.0,158.0,1.0,1,1.0,0.0,0.0,0.0
139,9,525,176,73.0,176.0,1.0,1,1.0,0.0,0.0,0.0
140,12,-4,181,48.0,145.0,1.0,1,0.9166666666666666,0.0,0.0,0.0
140,6,583,173,54.0,164.0,1.0,1,0.6296296296296297,0.0,0.0,0.0
140,10,311,183,60.0,157.0,1.0,1,1.0,0.0,0.0,0.0
140,9,541,173,62.0,175.0,1.0,1,1.0,0.0,0.0,0.0
141,12,-4,185,44.0,136.0,1.0,1,0.9090909090909091,0.0,0.0,0.0
141,10,311,183,51.0,155.0,1.0,1,1.0,0.0,0.0,0.0
141,6,583,177,62.0,162.0,1.0,1,0.41935483870967744,0.0,0.0,0.0
141,9,545,172,69.0,181.0,1.0,1,1.0,0.0,0.0,0.0
142,6,589,173,68.0,157.0,1.0,1,0.29411764705882354,0.0,0.0,0.0
142,12,-4,181,58.0,149.0,1.0,1,0.9310344827586207,0.0,0.0,0.0
142,10,294,185,65.0,153.0,1.0,1,1.0,0.0,0.0,0.0
142,9,552,171,68.0,182.0,1.0,1,1.0,0.0,0.0,0.0
143,12,-3,181,54.0,149.0,1.0,1,0.9444444444444444,0.0,0.0,0.0
143,10,294,185,57.0,159.0,1.0,1,1.0,0.0,0.0,0.0
143,9,557,168,60.0,180.0,1.0,1,1.0,0.0,0.0,0.0
144,12,3,183,56.0,143.0,1.0,1,1.0,0.0,0.0,0.0
144,10,278,187,73.0,150.0,1.0,1,1.0,0.0,0.0,0.0
144,9,562,169,62.0,187.0,1.0,1,1.0,0.0,0.0,0.0
145,12,6,188,53.0,138.0,1.0,1,1.0,0.0,0.0,0.0
145,10,279,187,70.0,152.0,1.0,1,1.0,0.0,0.0,0.0
145,9,569,165,56.0,189.0,1.0,1,1.0,0.0,0.0,0.0
146,12,7,190,60.0,132.0,1.0,1,1.0,0.0,0.0,0.0
146,10,274,192,75.0,147.0,1.0,1,1.0,0.0,0.0,0.0
146,9,584,162,50.0,195.0,1.0,1,1.0,0.0,0.0,0.0
147,12,8,185,59.0,143.0,1.0,1,1.0,0.0,0.0,0.0
147,10,274,191,61.0,147.0,1.0,1,1.0,0.0,0.0,0.0
147,9,592,169,57.0,191.0,1.0,1,0.8421052631578947,0.0,0.0,0.0
148,12,11,188,60.0,141.0,1.0,1,1.0,0.0,0.0,0.0
148,10,271,194,55.0,143.0,1.0,1,1.0,0.0,0.0,0.0
148,9,591,163,66.0,191.0,1.0,1,0.7424242424242424,0.0,0.0,0.0
149,12,16,188,49.0,138.0,1.0,1,1.0,0.0,0.0,0.0
149,10,266,192,58.0,152.0,1.0,1,1.0,0.0,0.0,0.0
149,9,599,167,62.0,189.0,1.0,1,0.6612903225806451,0.0,0.0,0.0
150,12,19,182,47.0,143.0,1.0,1,1.0,0.0,0.0,0.0
150,10,255,186,66.0,151.0,1.0,1,1.0,0.0,0.0,0.0
150,9,588,187,72.0,165.0,1.0,1,0.7222222222222222,0.0,0.0,0.0
151,12,21,181,55.0,147.0,1.0,1,1.0,0.0,0.0,0.0
151,10,252,188,53.0,156.0,1.0,1,1.0,0.0,0.0,0.0
152,12,22,182,54.0,148.0,1.0,1,1.0,0.0,0.0,0.0
152,10,246,187,52.0,144.0,1.0,1,1.0,0.0,0.0,0.0
153,12,33,181,44.0,148.0,1.0,1,1.0,0.0,0.0,0.0
153,10,238,186,62.0,158.0,1.0,1,1.0,0.0,0.0,0.0
154,12,33,181,44.0,148.0,1.0,1,1.0,0.0,0.0,0.0
154,10,232,188,65.0,152.0,1.0,1,1.0,0.0,0.0,0.0
155,12,38,183,47.0,143.0,1.0,1,1.0,0.0,0.0,0.0
155,13,-11,183,42.0,154.0,1.0,1,0.7380952380952381,0.0,0.0,0.0
155,10,231,186,49.0,157.0,1.0,1,1.0,0.0,0.0,0.0
156,12,38,182,51.0,144.0,1.0,1,1.0,0.0,0.0,0.0
156,10,220,187,59.0,151.0,1.0,1,1.0,0.0,0.0,0.0
156,13,-11,183,46.0,155.0,1.0,1,0.7608695652173914,0.0,0.0,0.0
157,12,45,181,44.0,148.0,1.0,1,1.0,0.0,0.0,0.0
157,13,-9,181,44.0,157.0,1.0,1,0.7954545454545454,0.0,0.0,0.0
157,10,220,185,54.0,160.0,1.0,1,1.0,0.0,0.0,0.0
158,12,47,183,51.0,146.0,1.0,1,1.0,0.0,0.0,0.0
158,13,-8,176,52.0,155.0,1.0,1,0.8461538461538461,0.0,0.0,0.0
158,10,202,186,73.0,156.0,1.0,1,1.0,0.0,0.0,0.0
159,12,49,183,53.0,151.0,1.0,1,1.0,0.0,0.0,0.0
159,13,0,178,47.0,161.0,1.0,1,1.0,0.0,0.0,0.0
159,10,202,186,64.0,159.0,1.0,1,1.0,0.0,0.0,0.0
160,12,49,183,58.0,151.0,1.0,1,1.0,0.0,0.0,0.0
160,13,2,178,40.0,161.0,1.0,1,1.0,0.0,0.0,0.0
160,10,194,186,72.0,157.0,1.0,1,1.0,0.0,0.0,0.0
161,12,53,185,55.0,148.0,1.0,1,0.9272727272727272,0.0,0.0,0.0
161,13,11,176,46.0,162.0,1.0,1,1.0,0.0,0.0,0.0
161,10,192,188,63.0,156.0,1.0,1,1.0,0.0,0.0,0.0
162,12,53,185,55.0,146.0,1.0,1,0.9090909090909091,0.0,0.0,0.0
162,13,8,176,50.0,155.0,1.0,1,0.9058064516129032,0.0,0.0,0.0
162,10,190,190,65.0,153.0,1.0,1,1.0,0.0,0.0,0.0
163,12,61,181,47.0,149.0,1.0,1,0.8936170212765957,0.0,0.0,0.0
163,13,16,178,50.0,159.0,1.0,1,1.0,0.0,0.0,0.0
163,10,187,194,51.0,149.0,1.0,1,1.0,0.0,0.0,0.0
164,12,61,183,51.0,150.0,1.0,1,0.803921568627451,0.0,0.0,0.0
164,13,20,179,51.0,159.0,1.0,1,1.0,0.0,0.0,0.0
164,10,180,188,57.0,157.0,1.0,1,1.0,0.0,0.0,0.0
165,12,61,177,53.0,154.0,1.0,1,0.680225434942416,0.0,0.0,0.0
165,13,25,186,54.0,147.0,1.0,1,1.0,0.0,0.0,0.0
165,10,176,191,48.0,154.0,1.0,1,1.0,0.0,0.0,0.0
166,12,61,177,61.0,157.0,1.0,1,0.6032160384253942,0.0,0.0,0.0
166,13,28,182,58.0,158.0,1.0,1,1.0,0.0,0.0,0.0
166,10,171,194,52.0,151.0,1.0,1,1.0,0.0,0.0,0.0
167,12,70,177,52.0,153.0,1.0,1,0.6393916540975364,0.0,0.0,0.0
167,13,34,179,55.0,160.0,1.0,1,1.0,0.0,0.0,0.0
167,10,159,192,55.0,152.0,1.0,1,1.0,0.0,0.0,0.0
168,12,82,182,45.0,148.0,1.0,1,0.7555555555555555,0.0,0.0,0.0
168,13,39,181,54.0,153.0,1.0,1,1.0,0.0,0.0,0.0
168,10,157,188,54.0,159.0,1.0,1,1.0,0.0,0.0,0.0
169,12,80,181,55.0,145.0,1.0,1,0.6930407523510972,0.0,0.0,0.0
169,13,47,182,50.0,151.0,1.0,1,1.0,0.0,0.0,0.0
169,10,146,194,62.0,151.0,1.0,1,1.0,0.0,0.0,0.0
170,12,80,179,59.0,146.0,1.0,1,0.7158114697004876,0.0,0.0,0.0
170,13,54,181,43.0,154.0,1.0,1,1.0,0.0,0.0,0.0
170,10,142,199,60.0,146.0,1.0,1,1.0,0.0,0.0,0.0
171,12,90,185,55.0,141.0,1.0,1,0.6144422952933591,0.0,0.0,0.0
171,13,53,178,51.0,152.0,1.0,1,1.0,0.0,0.0,0.0
171,10,137,199,59.0,148.0,1.0,1,1.0,0.0,0.0,0.0
172,12,95,181,51.0,148.0,1.0,1,0.44501854795972445,0.0,0.0,0.0
172,13,59,176,46.0,154.0,1.0,1,1.0,0.0,0.0,0.0
172,10,125,200,70.0,151.0,1.0,1,1.0,0.0,0.0,0.0
173,13,63,177,50.0,158.0,1.0,1,1.0,0.0,0.0,0.0
173,10,132,202,55.0,149.0,1.0,1,1.0,0.0,0.0,0.0
174,13,77,178,45.0,153.0,1.0,1,1.0,0.0,0.0,0.0
174,10,123,201,63.0,144.0,1.0,1,1.0,0.0,0.0,0.0
175,13,72,179,59.0,156.0,1.0,1,0.6453715775749674,0.0,0.0,0.0
175,10,107,199,65.0,150.0,1.0,1,1.0,0.0,0.0,0.0
176,13,80,181,48.0,152.0,1.0,1,0.7105263157894737,0.0,0.0,0.0
176,10,112,201,61.0,148.0,1.0,1,1.0,0.0,0.0,0.0
177,13,81,179,46.0,154.0,1.0,1,0.5271033314511575,0.0,0.0,0.0
177,10,102,199,56.0,154.0,1.0,1,1.0,0.0,0.0,0.0
178,10,104,202,50.0,145.0,1.0,1,1.0,0.0,0.0,0.0
179,10,102,196,46.0,149.0,1.0,1,1.0,0.0,0.0,0.0
180,12,135,176,43.0,154.0,1.0,1,0.8070069465418303,0.0,0.0,0.0
180,10,89,188,55.0,156.0,1.0,1,1.0,0.0,0.0,0.0
181,12,130,176,55.0,150.0,1.0,1,0.9675151515151516,0.0,0.0,0.0
181,10,85,192,47.0,157.0,1.0,1,1.0,0.0,0.0,0.0
182,12,135,181,57.0,150.0,1.0,1,1.0,0.0,0.0,0.0
182,10,71,190,61.0,152.0,1.0,1,1.0,0.0,0.0,0.0
183,12,139,180,63.0,150.0,1.0,1,0.6984126984126984,0.0,0.0,0.0
183,13,113,177,45.0,157.0,1.0,1,0.7146496815286624,0.0,0.0,0.0
183,10,67,190,60.0,158.0,1.0,1,1.0,0.0,0.0,0.0
184,12,142,181,66.0,147.0,1.0,1,0.6818181818181818,0.0,0.0,0.0
184,13,114,172,49.0,161.0,1.0,1,0.7976929902395741,0.0,0.0,0.0
184,10,67,200,59.0,144.0,1.0,1,1.0,0.0,0.0,0.0
185,12,150,182,61.0,148.0,1.0,1,0.7213114754098361,0.0,0.0,0.0
185,13,121,172,46.0,165.0,1.0,1,0.9822134387351779,0.0,0.0,0.0
185,10,62,202,60.0,147.0,1.0,1,1.0,0.0,0.0,0.0
186,12,159,183,54.0,147.0,1.0,1,0.7592592592592593,0.0,0.0,0.0
186,13,126,174,46.0,160.0,1.0,1,1.0,0.0,0.0,0.0
186,10,54,206,65.0,139.0,1.0,1,1.0,0.0,0.0,0.0
187,12,160,182,54.0,148.0,1.0,1,0.5370370370370371,0.0,0.0,0.0
187,13,136,173,49.0,164.0,1.0,1,1.0,0.0,0.0,0.0
187,10,54,210,58.0,135.0,1.0,1,1.0,0.0,0.0,0.0
188,12,163,181,52.0,148.0,1.0,1,0.5192307692307693,0.0,0.0,0.0
188,13,137,171,51.0,163.0,1.0,1,1.0,0.0,0.0,0.0
188,10,51,202,62.0,143.0,1.0,1,1.0,0.0,0.0,0.0
189,12,165,174,53.0,155.0,1.0,1,0.49056603773584906,0.0,0.0,0.0
189,13,141,174,51.0,161.0,1.0,1,1.0,0.0,0.0,0.0
189,10,44,202,54.0,149.0,1.0,1,1.0,0.0,0.0,0.0
190,12,172,178,51.0,148.0,1.0,1,0.4117647058823529,0.0,0.0,0.0
190,13,142,176,60.0,161.0,1.0,1,1.0,0.0,0.0,0.0
190,10,33,196,65.0,152.0,1.0,1,1.0,0.0,0.0,0.0
191,12,182,171,54.0,157.0,1.0,1,0.5980184005661713,0.0,0.0,0.0
191,13,144,186,62.0,147.0,1.0,1,1.0,0.0,0.0,0.0
191,10,33,201,52.0,143.0,1.0,1,1.0,0.0,0.0,0.0
192,12,186,172,53.0,159.0,1.0,1,0.64874807167438,0.0,0.0,0.0
192,13,157,183,49.0,152.0,1.0,1,1.0,0.0,0.0,0.0
192,10,33,200,48.0,143.0,1.0,1,1.0,0.0,0.0,0.0
193,12,191,174,50.0,154.0,1.0,1,0.6372727272727273,0.0,0.0,0.0
193,13,157,181,53.0,153.0,1.0,1,1.0,0.0,0.0,0.0
193,10,26,197,48.0,152.0,1.0,1,1.0,0.0,0.0,0.0
194,12,195,174,51.0,154.0,1.0,1,0.6078431372549019,0.0,0.0,0.0
194,13,162,174,53.0,161.0,1.0,1,1.0,0.0,0.0,0.0
194,10,17,201,55.0,148.0,1.0,1,1.0,0.0,0.0,0.0
195,12,200,177,57.0,153.0,1.0,1,0.7368421052631579,0.0,0.0,0.0
195,13,171,176,44.0,159.0,1.0,1,1.0,0.0,0.0,0.0
195,10,15,202,50.0,149.0,1.0,1,1.0,0.0,0.0,0.0
196,12,200,174,66.0,155.0,1.0,1,0.48484848484848486,0.0,0.0,0.0
196,13,173,171,61.0,164.0,1.0,1,1.0,0.0,0.0,0.0
196,10,8,205,53.0,138.0,1.0,1,1.0,0.0,0.0,0.0
197,12,209,180,56.0,144.0,1.0,1,0.5535714285714286,0.0,0.0,0.0
197,13,178,167,56.0,168.0,1.0,1,1.0,0.0,0.0,0.0
197,10,5,201,58.0,151.0,1.0,1,1.0,0.0,0.0,0.0
198,12,213,177,58.0,142.0,1.0,1,0.5172413793103449,0.0,0.0,0.0
198,13,181,168,60.0,170.0,1.0,1,1.0,0.0,0.0,0.0
198,10,1,201,55.0,146.0,1.0,1,1.0,0.0,0.0,0.0
199,12,215,178,67.0,151.0,1.0,1,0.5522388059701493,0.0,0.0,0.0
199,13,188,174,57.0,161.0,1.0,1,1.0,0.0,0.0,0.0
199,10,-6,201,62.0,143.0,1.0,1,0.9032258064516129,0.0,0.0,0.0
200,12,222,171,58.0,153.0,1.0,1,0.5032679738562091,0.0,0.0,0.0
200,13,194,172,57.0,163.0,1.0,1,1.0,0.0,0.0,0.0
200,10,-12,201,61.0,146.0,1.0,1,0.8032786885245902,0.0,0.0,0.0
201,12,227,173,56.0,152.0,1.0,1,0.4642857142857143,0.0,0.0,0.0
201,13,197,172,60.0,168.0,1.0,1,1.0,0.0,0.0,0.0
201,10,-13,200,61.0,148.0,1.0,1,0.7868852459016393,0.0,0.0,0.0
